2021/05/10-14:35:37.405120 700003b4d000 RocksDB version: 6.8.1
2021/05/10-14:35:37.405288 700003b4d000 Git sha rocksdb_build_git_sha:27e593fbe10efa5a562ca79b1939ffb69d25163f
2021/05/10-14:35:37.405295 700003b4d000 Compile date Apr 26 2020
2021/05/10-14:35:37.405299 700003b4d000 DB SUMMARY
2021/05/10-14:35:37.409714 700003b4d000 CURRENT file:  CURRENT
2021/05/10-14:35:37.409723 700003b4d000 IDENTITY file:  IDENTITY
2021/05/10-14:35:37.409755 700003b4d000 MANIFEST file:  MANIFEST-003478 size: 1769 Bytes
2021/05/10-14:35:37.409760 700003b4d000 SST files in /Users/akanit/Documents/GitHub/ProjectCE_coin/testBlockchain/testTruffle/PrivateBlockchain/node1/data/database dir, Total Num: 5, files: 003461.sst 003473.sst 003474.sst 003475.sst 003485.sst 
2021/05/10-14:35:37.409767 700003b4d000 Write Ahead Log file in /Users/akanit/Documents/GitHub/ProjectCE_coin/testBlockchain/testTruffle/PrivateBlockchain/node1/data/database: 000003.log size: 478508 ; 000031.log size: 649 ; 000047.log size: 1728903 ; 000064.log size: 2544560 ; 000081.log size: 629 ; 000098.log size: 629 ; 000114.log size: 629 ; 000130.log size: 1811 ; 000147.log size: 2371198 ; 000168.log size: 1831 ; 000185.log size: 649 ; 000201.log size: 649 ; 000217.log size: 649 ; 000234.log size: 578927 ; 000251.log size: 3237885 ; 000268.log size: 629 ; 000287.log size: 629 ; 000304.log size: 629 ; 000320.log size: 143715 ; 000337.log size: 178141 ; 000354.log size: 16429496 ; 000372.log size: 3525597 ; 000389.log size: 2634747 ; 000409.log size: 629 ; 000426.log size: 45130 ; 000443.log size: 0 ; 000458.log size: 0 ; 000473.log size: 0 ; 000488.log size: 0 ; 000503.log size: 0 ; 000518.log size: 0 ; 000533.log size: 649 ; 000549.log size: 0 ; 000564.log size: 0 ; 000579.log size: 0 ; 000594.log size: 0 ; 000609.log size: 1851 ; 000626.log size: 649 ; 000643.log size: 649 ; 000659.log size: 71561 ; 000676.log size: 629 ; 000695.log size: 469487 ; 000713.log size: 376949 ; 000730.log size: 0 ; 000745.log size: 195248 ; 000762.log size: 30225 ; 000779.log size: 3053 ; 000800.log size: 15033 ; 000817.log size: 7559467 ; 000834.log size: 18300159 ; 000851.log size: 4249416 ; 000872.log size: 59554 ; 000889.log size: 967240 ; 000906.log size: 663051 ; 000923.log size: 5212960 ; 000944.log size: 1157195 ; 000961.log size: 4308322 ; 000978.log size: 195388 ; 000995.log size: 71541 ; 001016.log size: 510399 ; 001033.log size: 137705 ; 001050.log size: 2679763 ; 001067.log size: 2305530 ; 001088.log size: 1437285 ; 001105.log size: 314360 ; 001122.log size: 3544399 ; 001139.log size: 4339521 ; 001160.log size: 542035 ; 001177.log size: 261574 ; 001194.log size: 5069127 ; 001211.log size: 6490989 ; 001232.log size: 761288 ; 001249.log size: 266528 ; 001266.log size: 17471 ; 001283.log size: 900177 ; 001304.log size: 1278508 ; 001321.log size: 641941 ; 001338.log size: 860956 ; 001355.log size: 330341 ; 001376.log size: 140185 ; 001393.log size: 1497469 ; 001410.log size: 223246 ; 001427.log size: 475892 ; 001448.log size: 1832 ; 001465.log size: 278578 ; 001482.log size: 956875 ; 001499.log size: 234020 ; 001520.log size: 645551 ; 001537.log size: 140213 ; 001554.log size: 2187454 ; 001571.log size: 6545888 ; 001592.log size: 550237 ; 001609.log size: 102815 ; 001626.log size: 317081 ; 001643.log size: 469897 ; 001664.log size: 125692 ; 001681.log size: 3001520 ; 001698.log size: 4698043 ; 001715.log size: 5548763 ; 001736.log size: 929534 ; 001753.log size: 2892897 ; 001770.log size: 3665716 ; 001787.log size: 314675 ; 001809.log size: 100519 ; 001826.log size: 704551 ; 001843.log size: 587812 ; 001860.log size: 41558 ; 001882.log size: 70397 ; 001899.log size: 525289 ; 001916.log size: 2476921 ; 001933.log size: 5246862 ; 001955.log size: 1862035 ; 001972.log size: 1250568 ; 001989.log size: 48776 ; 002006.log size: 72843 ; 002028.log size: 88462 ; 002045.log size: 241804 ; 002062.log size: 336123 ; 002079.log size: 1676303 ; 002101.log size: 1999834 ; 002118.log size: 3381773 ; 002135.log size: 4747505 ; 002152.log size: 7149153 ; 002174.log size: 7069015 ; 002191.log size: 2830701 ; 002208.log size: 8418621 ; 002225.log size: 8382773 ; 002247.log size: 577047 ; 002264.log size: 1221953 ; 002281.log size: 6772205 ; 002298.log size: 941564 ; 002320.log size: 7373272 ; 002337.log size: 4301610 ; 002354.log size: 4314771 ; 002371.log size: 4574919 ; 002393.log size: 1392767 ; 002410.log size: 4169906 ; 002427.log size: 177505 ; 002444.log size: 2793380 ; 002466.log size: 142392 ; 002483.log size: 3082184 ; 002500.log size: 2233866 ; 002517.log size: 8913125 ; 002539.log size: 1434926 ; 002556.log size: 597240 ; 002573.log size: 603478 ; 002590.log size: 549329 ; 002612.log size: 1526328 ; 002629.log size: 534575 ; 002646.log size: 34300 ; 002663.log size: 1084756 ; 002685.log size: 1015631 ; 002702.log size: 7240725 ; 002719.log size: 5434161 ; 002736.log size: 3084610 ; 002758.log size: 1597339 ; 002775.log size: 3843843 ; 002792.log size: 8431820 ; 002809.log size: 389275 ; 002832.log size: 9740984 ; 002849.log size: 10109346 ; 002866.log size: 407307 ; 002883.log size: 8092196 ; 002906.log size: 5371934 ; 002923.log size: 6718426 ; 002940.log size: 14964467 ; 002957.log size: 629 ; 002979.log size: 19116503 ; 002996.log size: 4387691 ; 003013.log size: 3814249 ; 003030.log size: 649 ; 003047.log size: 4741449 ; 003064.log size: 3549046 ; 003086.log size: 118044 ; 003103.log size: 585006 ; 003122.log size: 1481983 ; 003139.log size: 1007140 ; 003161.log size: 63935 ; 003178.log size: 1242534 ; 003197.log size: 827122 ; 003214.log size: 48736 ; 003236.log size: 17271 ; 003253.log size: 629 ; 003271.log size: 2458918 ; 003288.log size: 3003926 ; 003305.log size: 293014 ; 003327.log size: 866169 ; 003346.log size: 14205615 ; 003363.log size: 19291033 ; 003380.log size: 2805783 ; 003403.log size: 20753179 ; 003423.log size: 2611664 ; 003440.log size: 6991975 ; 003457.log size: 629 ; 003479.log size: 277941 ; 
2021/05/10-14:35:37.409881 700003b4d000                         Options.error_if_exists: 0
2021/05/10-14:35:37.409894 700003b4d000                       Options.create_if_missing: 1
2021/05/10-14:35:37.409897 700003b4d000                         Options.paranoid_checks: 1
2021/05/10-14:35:37.409899 700003b4d000                                     Options.env: 0x127450a48
2021/05/10-14:35:37.409901 700003b4d000                                      Options.fs: Posix File System
2021/05/10-14:35:37.409903 700003b4d000                                Options.info_log: 0x7fe904224fc0
2021/05/10-14:35:37.409906 700003b4d000                Options.max_file_opening_threads: 16
2021/05/10-14:35:37.409908 700003b4d000                              Options.statistics: 0x7fe903a621b0
2021/05/10-14:35:37.409910 700003b4d000                               Options.use_fsync: 0
2021/05/10-14:35:37.409912 700003b4d000                       Options.max_log_file_size: 0
2021/05/10-14:35:37.409914 700003b4d000                  Options.max_manifest_file_size: 1073741824
2021/05/10-14:35:37.409916 700003b4d000                   Options.log_file_time_to_roll: 0
2021/05/10-14:35:37.409918 700003b4d000                       Options.keep_log_file_num: 1000
2021/05/10-14:35:37.409920 700003b4d000                    Options.recycle_log_file_num: 0
2021/05/10-14:35:37.409921 700003b4d000                         Options.allow_fallocate: 1
2021/05/10-14:35:37.409923 700003b4d000                        Options.allow_mmap_reads: 0
2021/05/10-14:35:37.409925 700003b4d000                       Options.allow_mmap_writes: 0
2021/05/10-14:35:37.409927 700003b4d000                        Options.use_direct_reads: 0
2021/05/10-14:35:37.409929 700003b4d000                        Options.use_direct_io_for_flush_and_compaction: 0
2021/05/10-14:35:37.409931 700003b4d000          Options.create_missing_column_families: 1
2021/05/10-14:35:37.409933 700003b4d000                              Options.db_log_dir: 
2021/05/10-14:35:37.409935 700003b4d000                                 Options.wal_dir: /Users/akanit/Documents/GitHub/ProjectCE_coin/testBlockchain/testTruffle/PrivateBlockchain/node1/data/database
2021/05/10-14:35:37.409937 700003b4d000                Options.table_cache_numshardbits: 6
2021/05/10-14:35:37.409939 700003b4d000                      Options.max_subcompactions: 1
2021/05/10-14:35:37.409986 700003b4d000                  Options.max_background_flushes: -1
2021/05/10-14:35:37.409989 700003b4d000                         Options.WAL_ttl_seconds: 0
2021/05/10-14:35:37.409991 700003b4d000                       Options.WAL_size_limit_MB: 0
2021/05/10-14:35:37.409993 700003b4d000                        Options.max_write_batch_group_size_bytes: 1048576
2021/05/10-14:35:37.409995 700003b4d000             Options.manifest_preallocation_size: 4194304
2021/05/10-14:35:37.409997 700003b4d000                     Options.is_fd_close_on_exec: 1
2021/05/10-14:35:37.409999 700003b4d000                   Options.advise_random_on_open: 1
2021/05/10-14:35:37.410001 700003b4d000                    Options.db_write_buffer_size: 0
2021/05/10-14:35:37.410003 700003b4d000                    Options.write_buffer_manager: 0x7fe904224f50
2021/05/10-14:35:37.410005 700003b4d000         Options.access_hint_on_compaction_start: 1
2021/05/10-14:35:37.410007 700003b4d000  Options.new_table_reader_for_compaction_inputs: 0
2021/05/10-14:35:37.410009 700003b4d000           Options.random_access_max_buffer_size: 1048576
2021/05/10-14:35:37.410011 700003b4d000                      Options.use_adaptive_mutex: 0
2021/05/10-14:35:37.410013 700003b4d000                            Options.rate_limiter: 0x0
2021/05/10-14:35:37.410021 700003b4d000     Options.sst_file_manager.rate_bytes_per_sec: 0
2021/05/10-14:35:37.410023 700003b4d000                       Options.wal_recovery_mode: 2
2021/05/10-14:35:37.410025 700003b4d000                  Options.enable_thread_tracking: 0
2021/05/10-14:35:37.410027 700003b4d000                  Options.enable_pipelined_write: 0
2021/05/10-14:35:37.410029 700003b4d000                  Options.unordered_write: 0
2021/05/10-14:35:37.410031 700003b4d000         Options.allow_concurrent_memtable_write: 1
2021/05/10-14:35:37.410033 700003b4d000      Options.enable_write_thread_adaptive_yield: 1
2021/05/10-14:35:37.410035 700003b4d000             Options.write_thread_max_yield_usec: 100
2021/05/10-14:35:37.410037 700003b4d000            Options.write_thread_slow_yield_usec: 3
2021/05/10-14:35:37.410039 700003b4d000                               Options.row_cache: None
2021/05/10-14:35:37.410041 700003b4d000                              Options.wal_filter: None
2021/05/10-14:35:37.410043 700003b4d000             Options.avoid_flush_during_recovery: 0
2021/05/10-14:35:37.410045 700003b4d000             Options.allow_ingest_behind: 0
2021/05/10-14:35:37.410047 700003b4d000             Options.preserve_deletes: 0
2021/05/10-14:35:37.410049 700003b4d000             Options.two_write_queues: 0
2021/05/10-14:35:37.410051 700003b4d000             Options.manual_wal_flush: 0
2021/05/10-14:35:37.410052 700003b4d000             Options.atomic_flush: 0
2021/05/10-14:35:37.410054 700003b4d000             Options.avoid_unnecessary_blocking_io: 0
2021/05/10-14:35:37.410056 700003b4d000                 Options.persist_stats_to_disk: 0
2021/05/10-14:35:37.410058 700003b4d000                 Options.write_dbid_to_manifest: 0
2021/05/10-14:35:37.410060 700003b4d000                 Options.log_readahead_size: 0
2021/05/10-14:35:37.410063 700003b4d000                 Options.sst_file_checksum_func: Unknown
2021/05/10-14:35:37.410065 700003b4d000             Options.max_background_jobs: 2
2021/05/10-14:35:37.410067 700003b4d000             Options.max_background_compactions: 4
2021/05/10-14:35:37.410069 700003b4d000             Options.avoid_flush_during_shutdown: 0
2021/05/10-14:35:37.410071 700003b4d000           Options.writable_file_max_buffer_size: 1048576
2021/05/10-14:35:37.410073 700003b4d000             Options.delayed_write_rate : 16777216
2021/05/10-14:35:37.410075 700003b4d000             Options.max_total_wal_size: 0
2021/05/10-14:35:37.410077 700003b4d000             Options.delete_obsolete_files_period_micros: 21600000000
2021/05/10-14:35:37.410079 700003b4d000                   Options.stats_dump_period_sec: 600
2021/05/10-14:35:37.410081 700003b4d000                 Options.stats_persist_period_sec: 600
2021/05/10-14:35:37.410116 700003b4d000                 Options.stats_history_buffer_size: 1048576
2021/05/10-14:35:37.410119 700003b4d000                          Options.max_open_files: 1024
2021/05/10-14:35:37.410121 700003b4d000                          Options.bytes_per_sync: 0
2021/05/10-14:35:37.410123 700003b4d000                      Options.wal_bytes_per_sync: 0
2021/05/10-14:35:37.410129 700003b4d000                   Options.strict_bytes_per_sync: 0
2021/05/10-14:35:37.410131 700003b4d000       Options.compaction_readahead_size: 0
2021/05/10-14:35:37.410133 700003b4d000 Compression algorithms supported:
2021/05/10-14:35:37.410138 700003b4d000 	kZSTD supported: 1
2021/05/10-14:35:37.410141 700003b4d000 	kZlibCompression supported: 1
2021/05/10-14:35:37.410143 700003b4d000 	kXpressCompression supported: 0
2021/05/10-14:35:37.410145 700003b4d000 	kSnappyCompression supported: 1
2021/05/10-14:35:37.410147 700003b4d000 	kZSTDNotFinalCompression supported: 1
2021/05/10-14:35:37.410149 700003b4d000 	kLZ4HCCompression supported: 1
2021/05/10-14:35:37.410151 700003b4d000 	kLZ4Compression supported: 1
2021/05/10-14:35:37.410153 700003b4d000 	kBZip2Compression supported: 1
2021/05/10-14:35:37.410166 700003b4d000 Fast CRC32 supported: Not supported on x86
2021/05/10-14:35:37.411142 700003b4d000 [rsion_set.cc:4413] Recovering from manifest file: /Users/akanit/Documents/GitHub/ProjectCE_coin/testBlockchain/testTruffle/PrivateBlockchain/node1/data/database/MANIFEST-003478
2021/05/10-14:35:37.411339 700003b4d000 [lumn_family.cc:552] --------------- Options for column family [default]:
2021/05/10-14:35:37.411346 700003b4d000               Options.comparator: leveldb.BytewiseComparator
2021/05/10-14:35:37.411349 700003b4d000           Options.merge_operator: None
2021/05/10-14:35:37.411351 700003b4d000        Options.compaction_filter: None
2021/05/10-14:35:37.411356 700003b4d000        Options.compaction_filter_factory: None
2021/05/10-14:35:37.411360 700003b4d000         Options.memtable_factory: SkipListFactory
2021/05/10-14:35:37.411363 700003b4d000            Options.table_factory: BlockBasedTable
2021/05/10-14:35:37.411411 700003b4d000            table_factory options:   flush_block_policy_factory: FlushBlockBySizePolicyFactory (0x7fe903c68740)
  cache_index_and_filter_blocks: 0
  cache_index_and_filter_blocks_with_high_priority: 0
  pin_l0_filter_and_index_blocks_in_cache: 0
  pin_top_level_index_and_filter: 1
  index_type: 0
  data_block_index_type: 0
  index_shortening: 1
  data_block_hash_table_util_ratio: 0.750000
  hash_index_allow_collision: 1
  checksum: 1
  no_block_cache: 0
  block_cache: 0x7fe903c68618
  block_cache_name: LRUCache
  block_cache_options:
    capacity : 8388608
    num_shard_bits : 4
    strict_capacity_limit : 0
    memory_allocator : None
    high_pri_pool_ratio: 0.000
  block_cache_compressed: 0x0
  persistent_cache: 0x0
  block_size: 4096
  block_size_deviation: 10
  block_restart_interval: 16
  index_block_restart_interval: 1
  metadata_block_size: 4096
  partition_filters: 0
  use_delta_encoding: 1
  filter_policy: nullptr
  whole_key_filtering: 1
  verify_compression: 1
  read_amp_bytes_per_bit: 0
  format_version: 2
  enable_index_compression: 1
  block_align: 0
2021/05/10-14:35:37.411419 700003b4d000        Options.write_buffer_size: 67108864
2021/05/10-14:35:37.411422 700003b4d000  Options.max_write_buffer_number: 2
2021/05/10-14:35:37.411428 700003b4d000          Options.compression: Snappy
2021/05/10-14:35:37.411432 700003b4d000                  Options.bottommost_compression: Disabled
2021/05/10-14:35:37.411434 700003b4d000       Options.prefix_extractor: nullptr
2021/05/10-14:35:37.411436 700003b4d000   Options.memtable_insert_with_hint_prefix_extractor: nullptr
2021/05/10-14:35:37.411438 700003b4d000             Options.num_levels: 7
2021/05/10-14:35:37.411440 700003b4d000        Options.min_write_buffer_number_to_merge: 1
2021/05/10-14:35:37.411442 700003b4d000     Options.max_write_buffer_number_to_maintain: 0
2021/05/10-14:35:37.411517 700003b4d000     Options.max_write_buffer_size_to_maintain: 134217728
2021/05/10-14:35:37.411521 700003b4d000            Options.bottommost_compression_opts.window_bits: -14
2021/05/10-14:35:37.411523 700003b4d000                  Options.bottommost_compression_opts.level: 32767
2021/05/10-14:35:37.411525 700003b4d000               Options.bottommost_compression_opts.strategy: 0
2021/05/10-14:35:37.411527 700003b4d000         Options.bottommost_compression_opts.max_dict_bytes: 0
2021/05/10-14:35:37.411529 700003b4d000         Options.bottommost_compression_opts.zstd_max_train_bytes: 0
2021/05/10-14:35:37.411531 700003b4d000                  Options.bottommost_compression_opts.enabled: false
2021/05/10-14:35:37.411533 700003b4d000            Options.compression_opts.window_bits: -14
2021/05/10-14:35:37.411537 700003b4d000                  Options.compression_opts.level: 32767
2021/05/10-14:35:37.411541 700003b4d000               Options.compression_opts.strategy: 0
2021/05/10-14:35:37.411545 700003b4d000         Options.compression_opts.max_dict_bytes: 0
2021/05/10-14:35:37.411547 700003b4d000         Options.compression_opts.zstd_max_train_bytes: 0
2021/05/10-14:35:37.411549 700003b4d000                  Options.compression_opts.enabled: false
2021/05/10-14:35:37.411551 700003b4d000      Options.level0_file_num_compaction_trigger: 4
2021/05/10-14:35:37.411562 700003b4d000          Options.level0_slowdown_writes_trigger: 20
2021/05/10-14:35:37.411568 700003b4d000              Options.level0_stop_writes_trigger: 36
2021/05/10-14:35:37.411570 700003b4d000                   Options.target_file_size_base: 67108864
2021/05/10-14:35:37.411571 700003b4d000             Options.target_file_size_multiplier: 1
2021/05/10-14:35:37.411573 700003b4d000                Options.max_bytes_for_level_base: 268435456
2021/05/10-14:35:37.411575 700003b4d000 Options.level_compaction_dynamic_level_bytes: 0
2021/05/10-14:35:37.411577 700003b4d000          Options.max_bytes_for_level_multiplier: 10.000000
2021/05/10-14:35:37.411580 700003b4d000 Options.max_bytes_for_level_multiplier_addtl[0]: 1
2021/05/10-14:35:37.411582 700003b4d000 Options.max_bytes_for_level_multiplier_addtl[1]: 1
2021/05/10-14:35:37.411584 700003b4d000 Options.max_bytes_for_level_multiplier_addtl[2]: 1
2021/05/10-14:35:37.411586 700003b4d000 Options.max_bytes_for_level_multiplier_addtl[3]: 1
2021/05/10-14:35:37.411588 700003b4d000 Options.max_bytes_for_level_multiplier_addtl[4]: 1
2021/05/10-14:35:37.411590 700003b4d000 Options.max_bytes_for_level_multiplier_addtl[5]: 1
2021/05/10-14:35:37.411592 700003b4d000 Options.max_bytes_for_level_multiplier_addtl[6]: 1
2021/05/10-14:35:37.411594 700003b4d000       Options.max_sequential_skip_in_iterations: 8
2021/05/10-14:35:37.411595 700003b4d000                    Options.max_compaction_bytes: 1677721600
2021/05/10-14:35:37.411597 700003b4d000                        Options.arena_block_size: 8388608
2021/05/10-14:35:37.411599 700003b4d000   Options.soft_pending_compaction_bytes_limit: 68719476736
2021/05/10-14:35:37.411601 700003b4d000   Options.hard_pending_compaction_bytes_limit: 274877906944
2021/05/10-14:35:37.411603 700003b4d000       Options.rate_limit_delay_max_milliseconds: 100
2021/05/10-14:35:37.411605 700003b4d000                Options.disable_auto_compactions: 1
2021/05/10-14:35:37.411608 700003b4d000                        Options.compaction_style: kCompactionStyleLevel
2021/05/10-14:35:37.411610 700003b4d000                          Options.compaction_pri: kMinOverlappingRatio
2021/05/10-14:35:37.411612 700003b4d000 Options.compaction_options_universal.size_ratio: 1
2021/05/10-14:35:37.411614 700003b4d000 Options.compaction_options_universal.min_merge_width: 2
2021/05/10-14:35:37.411616 700003b4d000 Options.compaction_options_universal.max_merge_width: 4294967295
2021/05/10-14:35:37.411620 700003b4d000 Options.compaction_options_universal.max_size_amplification_percent: 200
2021/05/10-14:35:37.411624 700003b4d000 Options.compaction_options_universal.compression_size_percent: -1
2021/05/10-14:35:37.411629 700003b4d000 Options.compaction_options_universal.stop_style: kCompactionStopStyleTotalSize
2021/05/10-14:35:37.411673 700003b4d000 Options.compaction_options_fifo.max_table_files_size: 1073741824
2021/05/10-14:35:37.411677 700003b4d000 Options.compaction_options_fifo.allow_compaction: 0
2021/05/10-14:35:37.411679 700003b4d000                   Options.table_properties_collectors: 
2021/05/10-14:35:37.411681 700003b4d000                   Options.inplace_update_support: 0
2021/05/10-14:35:37.411687 700003b4d000                 Options.inplace_update_num_locks: 10000
2021/05/10-14:35:37.411690 700003b4d000               Options.memtable_prefix_bloom_size_ratio: 0.000000
2021/05/10-14:35:37.411694 700003b4d000               Options.memtable_whole_key_filtering: 0
2021/05/10-14:35:37.411695 700003b4d000   Options.memtable_huge_page_size: 0
2021/05/10-14:35:37.411697 700003b4d000                           Options.bloom_locality: 0
2021/05/10-14:35:37.411699 700003b4d000                    Options.max_successive_merges: 0
2021/05/10-14:35:37.411701 700003b4d000                Options.optimize_filters_for_hits: 0
2021/05/10-14:35:37.411703 700003b4d000                Options.paranoid_file_checks: 0
2021/05/10-14:35:37.411705 700003b4d000                Options.force_consistency_checks: 0
2021/05/10-14:35:37.411706 700003b4d000                Options.report_bg_io_stats: 0
2021/05/10-14:35:37.411708 700003b4d000                               Options.ttl: 2592000
2021/05/10-14:35:37.411710 700003b4d000          Options.periodic_compaction_seconds: 0
2021/05/10-14:35:37.412224 700003b4d000 [lumn_family.cc:552] --------------- Options for column family []:
2021/05/10-14:35:37.412232 700003b4d000               Options.comparator: leveldb.BytewiseComparator
2021/05/10-14:35:37.412235 700003b4d000           Options.merge_operator: None
2021/05/10-14:35:37.412238 700003b4d000        Options.compaction_filter: None
2021/05/10-14:35:37.412241 700003b4d000        Options.compaction_filter_factory: None
2021/05/10-14:35:37.412243 700003b4d000         Options.memtable_factory: SkipListFactory
2021/05/10-14:35:37.412246 700003b4d000            Options.table_factory: BlockBasedTable
2021/05/10-14:35:37.412300 700003b4d000            table_factory options:   flush_block_policy_factory: FlushBlockBySizePolicyFactory (0x7fe8fddea930)
  cache_index_and_filter_blocks: 0
  cache_index_and_filter_blocks_with_high_priority: 1
  pin_l0_filter_and_index_blocks_in_cache: 0
  pin_top_level_index_and_filter: 1
  index_type: 0
  data_block_index_type: 0
  index_shortening: 1
  data_block_hash_table_util_ratio: 0.750000
  hash_index_allow_collision: 1
  checksum: 1
  no_block_cache: 0
  block_cache: 0x7fe8fddea978
  block_cache_name: LRUCache
  block_cache_options:
    capacity : 8388608
    num_shard_bits : 4
    strict_capacity_limit : 0
    memory_allocator : None
    high_pri_pool_ratio: 0.000
  block_cache_compressed: 0x0
  persistent_cache: 0x0
  block_size: 4096
  block_size_deviation: 10
  block_restart_interval: 16
  index_block_restart_interval: 1
  metadata_block_size: 4096
  partition_filters: 0
  use_delta_encoding: 1
  filter_policy: nullptr
  whole_key_filtering: 1
  verify_compression: 0
  read_amp_bytes_per_bit: 0
  format_version: 2
  enable_index_compression: 1
  block_align: 0
2021/05/10-14:35:37.412308 700003b4d000        Options.write_buffer_size: 67108864
2021/05/10-14:35:37.412312 700003b4d000  Options.max_write_buffer_number: 2
2021/05/10-14:35:37.412314 700003b4d000          Options.compression: Snappy
2021/05/10-14:35:37.412317 700003b4d000                  Options.bottommost_compression: Disabled
2021/05/10-14:35:37.412319 700003b4d000       Options.prefix_extractor: nullptr
2021/05/10-14:35:37.412321 700003b4d000   Options.memtable_insert_with_hint_prefix_extractor: nullptr
2021/05/10-14:35:37.412323 700003b4d000             Options.num_levels: 7
2021/05/10-14:35:37.412325 700003b4d000        Options.min_write_buffer_number_to_merge: 1
2021/05/10-14:35:37.412327 700003b4d000     Options.max_write_buffer_number_to_maintain: 0
2021/05/10-14:35:37.412377 700003b4d000     Options.max_write_buffer_size_to_maintain: 134217728
2021/05/10-14:35:37.412382 700003b4d000            Options.bottommost_compression_opts.window_bits: -14
2021/05/10-14:35:37.412385 700003b4d000                  Options.bottommost_compression_opts.level: 32767
2021/05/10-14:35:37.412387 700003b4d000               Options.bottommost_compression_opts.strategy: 0
2021/05/10-14:35:37.412389 700003b4d000         Options.bottommost_compression_opts.max_dict_bytes: 0
2021/05/10-14:35:37.412391 700003b4d000         Options.bottommost_compression_opts.zstd_max_train_bytes: 0
2021/05/10-14:35:37.412393 700003b4d000                  Options.bottommost_compression_opts.enabled: false
2021/05/10-14:35:37.412395 700003b4d000            Options.compression_opts.window_bits: -14
2021/05/10-14:35:37.412397 700003b4d000                  Options.compression_opts.level: 32767
2021/05/10-14:35:37.412400 700003b4d000               Options.compression_opts.strategy: 0
2021/05/10-14:35:37.412402 700003b4d000         Options.compression_opts.max_dict_bytes: 0
2021/05/10-14:35:37.412404 700003b4d000         Options.compression_opts.zstd_max_train_bytes: 0
2021/05/10-14:35:37.412406 700003b4d000                  Options.compression_opts.enabled: false
2021/05/10-14:35:37.412408 700003b4d000      Options.level0_file_num_compaction_trigger: 4
2021/05/10-14:35:37.412411 700003b4d000          Options.level0_slowdown_writes_trigger: 20
2021/05/10-14:35:37.412413 700003b4d000              Options.level0_stop_writes_trigger: 36
2021/05/10-14:35:37.412415 700003b4d000                   Options.target_file_size_base: 67108864
2021/05/10-14:35:37.412418 700003b4d000             Options.target_file_size_multiplier: 1
2021/05/10-14:35:37.412420 700003b4d000                Options.max_bytes_for_level_base: 268435456
2021/05/10-14:35:37.412422 700003b4d000 Options.level_compaction_dynamic_level_bytes: 0
2021/05/10-14:35:37.412424 700003b4d000          Options.max_bytes_for_level_multiplier: 10.000000
2021/05/10-14:35:37.412428 700003b4d000 Options.max_bytes_for_level_multiplier_addtl[0]: 1
2021/05/10-14:35:37.412430 700003b4d000 Options.max_bytes_for_level_multiplier_addtl[1]: 1
2021/05/10-14:35:37.412433 700003b4d000 Options.max_bytes_for_level_multiplier_addtl[2]: 1
2021/05/10-14:35:37.412435 700003b4d000 Options.max_bytes_for_level_multiplier_addtl[3]: 1
2021/05/10-14:35:37.412437 700003b4d000 Options.max_bytes_for_level_multiplier_addtl[4]: 1
2021/05/10-14:35:37.412440 700003b4d000 Options.max_bytes_for_level_multiplier_addtl[5]: 1
2021/05/10-14:35:37.412442 700003b4d000 Options.max_bytes_for_level_multiplier_addtl[6]: 1
2021/05/10-14:35:37.412444 700003b4d000       Options.max_sequential_skip_in_iterations: 8
2021/05/10-14:35:37.412447 700003b4d000                    Options.max_compaction_bytes: 1677721600
2021/05/10-14:35:37.412449 700003b4d000                        Options.arena_block_size: 8388608
2021/05/10-14:35:37.412452 700003b4d000   Options.soft_pending_compaction_bytes_limit: 68719476736
2021/05/10-14:35:37.412454 700003b4d000   Options.hard_pending_compaction_bytes_limit: 274877906944
2021/05/10-14:35:37.412456 700003b4d000       Options.rate_limit_delay_max_milliseconds: 100
2021/05/10-14:35:37.412459 700003b4d000                Options.disable_auto_compactions: 1
2021/05/10-14:35:37.412462 700003b4d000                        Options.compaction_style: kCompactionStyleLevel
2021/05/10-14:35:37.412464 700003b4d000                          Options.compaction_pri: kMinOverlappingRatio
2021/05/10-14:35:37.412467 700003b4d000 Options.compaction_options_universal.size_ratio: 1
2021/05/10-14:35:37.412469 700003b4d000 Options.compaction_options_universal.min_merge_width: 2
2021/05/10-14:35:37.412471 700003b4d000 Options.compaction_options_universal.max_merge_width: 4294967295
2021/05/10-14:35:37.412474 700003b4d000 Options.compaction_options_universal.max_size_amplification_percent: 200
2021/05/10-14:35:37.412476 700003b4d000 Options.compaction_options_universal.compression_size_percent: -1
2021/05/10-14:35:37.412519 700003b4d000 Options.compaction_options_universal.stop_style: kCompactionStopStyleTotalSize
2021/05/10-14:35:37.412523 700003b4d000 Options.compaction_options_fifo.max_table_files_size: 1073741824
2021/05/10-14:35:37.412525 700003b4d000 Options.compaction_options_fifo.allow_compaction: 0
2021/05/10-14:35:37.412527 700003b4d000                   Options.table_properties_collectors: 
2021/05/10-14:35:37.412529 700003b4d000                   Options.inplace_update_support: 0
2021/05/10-14:35:37.412531 700003b4d000                 Options.inplace_update_num_locks: 10000
2021/05/10-14:35:37.412533 700003b4d000               Options.memtable_prefix_bloom_size_ratio: 0.000000
2021/05/10-14:35:37.412535 700003b4d000               Options.memtable_whole_key_filtering: 0
2021/05/10-14:35:37.412537 700003b4d000   Options.memtable_huge_page_size: 0
2021/05/10-14:35:37.412539 700003b4d000                           Options.bloom_locality: 0
2021/05/10-14:35:37.412541 700003b4d000                    Options.max_successive_merges: 0
2021/05/10-14:35:37.412543 700003b4d000                Options.optimize_filters_for_hits: 0
2021/05/10-14:35:37.412545 700003b4d000                Options.paranoid_file_checks: 0
2021/05/10-14:35:37.412547 700003b4d000                Options.force_consistency_checks: 0
2021/05/10-14:35:37.412549 700003b4d000                Options.report_bg_io_stats: 0
2021/05/10-14:35:37.412551 700003b4d000                               Options.ttl: 2592000
2021/05/10-14:35:37.412554 700003b4d000          Options.periodic_compaction_seconds: 0
2021/05/10-14:35:37.412643 700003b4d000 [lumn_family.cc:552] --------------- Options for column family []:
2021/05/10-14:35:37.412648 700003b4d000               Options.comparator: leveldb.BytewiseComparator
2021/05/10-14:35:37.412650 700003b4d000           Options.merge_operator: None
2021/05/10-14:35:37.412652 700003b4d000        Options.compaction_filter: None
2021/05/10-14:35:37.412654 700003b4d000        Options.compaction_filter_factory: None
2021/05/10-14:35:37.412656 700003b4d000         Options.memtable_factory: SkipListFactory
2021/05/10-14:35:37.412658 700003b4d000            Options.table_factory: BlockBasedTable
2021/05/10-14:35:37.412683 700003b4d000            table_factory options:   flush_block_policy_factory: FlushBlockBySizePolicyFactory (0x7fe8fddebb10)
  cache_index_and_filter_blocks: 0
  cache_index_and_filter_blocks_with_high_priority: 1
  pin_l0_filter_and_index_blocks_in_cache: 0
  pin_top_level_index_and_filter: 1
  index_type: 0
  data_block_index_type: 0
  index_shortening: 1
  data_block_hash_table_util_ratio: 0.750000
  hash_index_allow_collision: 1
  checksum: 1
  no_block_cache: 0
  block_cache: 0x7fe8fddebb58
  block_cache_name: LRUCache
  block_cache_options:
    capacity : 8388608
    num_shard_bits : 4
    strict_capacity_limit : 0
    memory_allocator : None
    high_pri_pool_ratio: 0.000
  block_cache_compressed: 0x0
  persistent_cache: 0x0
  block_size: 4096
  block_size_deviation: 10
  block_restart_interval: 16
  index_block_restart_interval: 1
  metadata_block_size: 4096
  partition_filters: 0
  use_delta_encoding: 1
  filter_policy: nullptr
  whole_key_filtering: 1
  verify_compression: 0
  read_amp_bytes_per_bit: 0
  format_version: 2
  enable_index_compression: 1
  block_align: 0
2021/05/10-14:35:37.412691 700003b4d000        Options.write_buffer_size: 67108864
2021/05/10-14:35:37.412694 700003b4d000  Options.max_write_buffer_number: 2
2021/05/10-14:35:37.412697 700003b4d000          Options.compression: Snappy
2021/05/10-14:35:37.412699 700003b4d000                  Options.bottommost_compression: Disabled
2021/05/10-14:35:37.412707 700003b4d000       Options.prefix_extractor: nullptr
2021/05/10-14:35:37.412710 700003b4d000   Options.memtable_insert_with_hint_prefix_extractor: nullptr
2021/05/10-14:35:37.412712 700003b4d000             Options.num_levels: 7
2021/05/10-14:35:37.412714 700003b4d000        Options.min_write_buffer_number_to_merge: 1
2021/05/10-14:35:37.412717 700003b4d000     Options.max_write_buffer_number_to_maintain: 0
2021/05/10-14:35:37.412760 700003b4d000     Options.max_write_buffer_size_to_maintain: 134217728
2021/05/10-14:35:37.412764 700003b4d000            Options.bottommost_compression_opts.window_bits: -14
2021/05/10-14:35:37.412766 700003b4d000                  Options.bottommost_compression_opts.level: 32767
2021/05/10-14:35:37.412769 700003b4d000               Options.bottommost_compression_opts.strategy: 0
2021/05/10-14:35:37.412771 700003b4d000         Options.bottommost_compression_opts.max_dict_bytes: 0
2021/05/10-14:35:37.412773 700003b4d000         Options.bottommost_compression_opts.zstd_max_train_bytes: 0
2021/05/10-14:35:37.412775 700003b4d000                  Options.bottommost_compression_opts.enabled: false
2021/05/10-14:35:37.412778 700003b4d000            Options.compression_opts.window_bits: -14
2021/05/10-14:35:37.412780 700003b4d000                  Options.compression_opts.level: 32767
2021/05/10-14:35:37.412782 700003b4d000               Options.compression_opts.strategy: 0
2021/05/10-14:35:37.412784 700003b4d000         Options.compression_opts.max_dict_bytes: 0
2021/05/10-14:35:37.412786 700003b4d000         Options.compression_opts.zstd_max_train_bytes: 0
2021/05/10-14:35:37.412788 700003b4d000                  Options.compression_opts.enabled: false
2021/05/10-14:35:37.412790 700003b4d000      Options.level0_file_num_compaction_trigger: 4
2021/05/10-14:35:37.412792 700003b4d000          Options.level0_slowdown_writes_trigger: 20
2021/05/10-14:35:37.412795 700003b4d000              Options.level0_stop_writes_trigger: 36
2021/05/10-14:35:37.412797 700003b4d000                   Options.target_file_size_base: 67108864
2021/05/10-14:35:37.412799 700003b4d000             Options.target_file_size_multiplier: 1
2021/05/10-14:35:37.412801 700003b4d000                Options.max_bytes_for_level_base: 268435456
2021/05/10-14:35:37.412803 700003b4d000 Options.level_compaction_dynamic_level_bytes: 0
2021/05/10-14:35:37.412806 700003b4d000          Options.max_bytes_for_level_multiplier: 10.000000
2021/05/10-14:35:37.412809 700003b4d000 Options.max_bytes_for_level_multiplier_addtl[0]: 1
2021/05/10-14:35:37.412811 700003b4d000 Options.max_bytes_for_level_multiplier_addtl[1]: 1
2021/05/10-14:35:37.412813 700003b4d000 Options.max_bytes_for_level_multiplier_addtl[2]: 1
2021/05/10-14:35:37.412816 700003b4d000 Options.max_bytes_for_level_multiplier_addtl[3]: 1
2021/05/10-14:35:37.412818 700003b4d000 Options.max_bytes_for_level_multiplier_addtl[4]: 1
2021/05/10-14:35:37.412820 700003b4d000 Options.max_bytes_for_level_multiplier_addtl[5]: 1
2021/05/10-14:35:37.412822 700003b4d000 Options.max_bytes_for_level_multiplier_addtl[6]: 1
2021/05/10-14:35:37.412825 700003b4d000       Options.max_sequential_skip_in_iterations: 8
2021/05/10-14:35:37.412827 700003b4d000                    Options.max_compaction_bytes: 1677721600
2021/05/10-14:35:37.412830 700003b4d000                        Options.arena_block_size: 8388608
2021/05/10-14:35:37.412832 700003b4d000   Options.soft_pending_compaction_bytes_limit: 68719476736
2021/05/10-14:35:37.412834 700003b4d000   Options.hard_pending_compaction_bytes_limit: 274877906944
2021/05/10-14:35:37.412836 700003b4d000       Options.rate_limit_delay_max_milliseconds: 100
2021/05/10-14:35:37.412838 700003b4d000                Options.disable_auto_compactions: 1
2021/05/10-14:35:37.412840 700003b4d000                        Options.compaction_style: kCompactionStyleLevel
2021/05/10-14:35:37.412842 700003b4d000                          Options.compaction_pri: kMinOverlappingRatio
2021/05/10-14:35:37.412844 700003b4d000 Options.compaction_options_universal.size_ratio: 1
2021/05/10-14:35:37.412847 700003b4d000 Options.compaction_options_universal.min_merge_width: 2
2021/05/10-14:35:37.412849 700003b4d000 Options.compaction_options_universal.max_merge_width: 4294967295
2021/05/10-14:35:37.412852 700003b4d000 Options.compaction_options_universal.max_size_amplification_percent: 200
2021/05/10-14:35:37.412854 700003b4d000 Options.compaction_options_universal.compression_size_percent: -1
2021/05/10-14:35:37.412901 700003b4d000 Options.compaction_options_universal.stop_style: kCompactionStopStyleTotalSize
2021/05/10-14:35:37.412905 700003b4d000 Options.compaction_options_fifo.max_table_files_size: 1073741824
2021/05/10-14:35:37.412907 700003b4d000 Options.compaction_options_fifo.allow_compaction: 0
2021/05/10-14:35:37.412909 700003b4d000                   Options.table_properties_collectors: 
2021/05/10-14:35:37.412911 700003b4d000                   Options.inplace_update_support: 0
2021/05/10-14:35:37.412913 700003b4d000                 Options.inplace_update_num_locks: 10000
2021/05/10-14:35:37.412916 700003b4d000               Options.memtable_prefix_bloom_size_ratio: 0.000000
2021/05/10-14:35:37.412919 700003b4d000               Options.memtable_whole_key_filtering: 0
2021/05/10-14:35:37.412921 700003b4d000   Options.memtable_huge_page_size: 0
2021/05/10-14:35:37.412923 700003b4d000                           Options.bloom_locality: 0
2021/05/10-14:35:37.412925 700003b4d000                    Options.max_successive_merges: 0
2021/05/10-14:35:37.412927 700003b4d000                Options.optimize_filters_for_hits: 0
2021/05/10-14:35:37.412929 700003b4d000                Options.paranoid_file_checks: 0
2021/05/10-14:35:37.412931 700003b4d000                Options.force_consistency_checks: 0
2021/05/10-14:35:37.412933 700003b4d000                Options.report_bg_io_stats: 0
2021/05/10-14:35:37.412935 700003b4d000                               Options.ttl: 2592000
2021/05/10-14:35:37.412938 700003b4d000          Options.periodic_compaction_seconds: 0
2021/05/10-14:35:37.413067 700003b4d000 [lumn_family.cc:552] --------------- Options for column family []:
2021/05/10-14:35:37.413073 700003b4d000               Options.comparator: leveldb.BytewiseComparator
2021/05/10-14:35:37.413075 700003b4d000           Options.merge_operator: None
2021/05/10-14:35:37.413077 700003b4d000        Options.compaction_filter: None
2021/05/10-14:35:37.413079 700003b4d000        Options.compaction_filter_factory: None
2021/05/10-14:35:37.413082 700003b4d000         Options.memtable_factory: SkipListFactory
2021/05/10-14:35:37.413084 700003b4d000            Options.table_factory: BlockBasedTable
2021/05/10-14:35:37.413140 700003b4d000            table_factory options:   flush_block_policy_factory: FlushBlockBySizePolicyFactory (0x7fe8fddec8a0)
  cache_index_and_filter_blocks: 0
  cache_index_and_filter_blocks_with_high_priority: 1
  pin_l0_filter_and_index_blocks_in_cache: 0
  pin_top_level_index_and_filter: 1
  index_type: 0
  data_block_index_type: 0
  index_shortening: 1
  data_block_hash_table_util_ratio: 0.750000
  hash_index_allow_collision: 1
  checksum: 1
  no_block_cache: 0
  block_cache: 0x7fe8fddec8e8
  block_cache_name: LRUCache
  block_cache_options:
    capacity : 8388608
    num_shard_bits : 4
    strict_capacity_limit : 0
    memory_allocator : None
    high_pri_pool_ratio: 0.000
  block_cache_compressed: 0x0
  persistent_cache: 0x0
  block_size: 4096
  block_size_deviation: 10
