2020/11/12-22:57:08.035343 70000c770000 RocksDB version: 6.8.1
2020/11/12-22:57:08.035414 70000c770000 Git sha rocksdb_build_git_sha:27e593fbe10efa5a562ca79b1939ffb69d25163f
2020/11/12-22:57:08.035416 70000c770000 Compile date Apr 26 2020
2020/11/12-22:57:08.035418 70000c770000 DB SUMMARY
2020/11/12-22:57:08.035491 70000c770000 CURRENT file:  CURRENT
2020/11/12-22:57:08.035493 70000c770000 IDENTITY file:  IDENTITY
2020/11/12-22:57:08.035501 70000c770000 MANIFEST file:  MANIFEST-000030 size: 719 Bytes
2020/11/12-22:57:08.035503 70000c770000 SST files in /Users/akanit/NissanCool/ProjectCE_coin/testBlockchain/testTruffle/PrivateBlockchain/node1/data/database dir, Total Num: 2, files: 000028.sst 000029.sst 
2020/11/12-22:57:08.035505 70000c770000 Write Ahead Log file in /Users/akanit/NissanCool/ProjectCE_coin/testBlockchain/testTruffle/PrivateBlockchain/node1/data/database: 000003.log size: 478508 ; 000031.log size: 649 ; 
2020/11/12-22:57:08.035507 70000c770000                         Options.error_if_exists: 0
2020/11/12-22:57:08.035510 70000c770000                       Options.create_if_missing: 1
2020/11/12-22:57:08.035511 70000c770000                         Options.paranoid_checks: 1
2020/11/12-22:57:08.035512 70000c770000                                     Options.env: 0x132a68a48
2020/11/12-22:57:08.035513 70000c770000                                      Options.fs: Posix File System
2020/11/12-22:57:08.035514 70000c770000                                Options.info_log: 0x7f8722952760
2020/11/12-22:57:08.035515 70000c770000                Options.max_file_opening_threads: 16
2020/11/12-22:57:08.035516 70000c770000                              Options.statistics: 0x7f872294df10
2020/11/12-22:57:08.035517 70000c770000                               Options.use_fsync: 0
2020/11/12-22:57:08.035518 70000c770000                       Options.max_log_file_size: 0
2020/11/12-22:57:08.035519 70000c770000                  Options.max_manifest_file_size: 1073741824
2020/11/12-22:57:08.035520 70000c770000                   Options.log_file_time_to_roll: 0
2020/11/12-22:57:08.035521 70000c770000                       Options.keep_log_file_num: 1000
2020/11/12-22:57:08.035522 70000c770000                    Options.recycle_log_file_num: 0
2020/11/12-22:57:08.035523 70000c770000                         Options.allow_fallocate: 1
2020/11/12-22:57:08.035524 70000c770000                        Options.allow_mmap_reads: 0
2020/11/12-22:57:08.035525 70000c770000                       Options.allow_mmap_writes: 0
2020/11/12-22:57:08.035526 70000c770000                        Options.use_direct_reads: 0
2020/11/12-22:57:08.035527 70000c770000                        Options.use_direct_io_for_flush_and_compaction: 0
2020/11/12-22:57:08.035528 70000c770000          Options.create_missing_column_families: 1
2020/11/12-22:57:08.035528 70000c770000                              Options.db_log_dir: 
2020/11/12-22:57:08.035529 70000c770000                                 Options.wal_dir: /Users/akanit/NissanCool/ProjectCE_coin/testBlockchain/testTruffle/PrivateBlockchain/node1/data/database
2020/11/12-22:57:08.035530 70000c770000                Options.table_cache_numshardbits: 6
2020/11/12-22:57:08.035531 70000c770000                      Options.max_subcompactions: 1
2020/11/12-22:57:08.035532 70000c770000                  Options.max_background_flushes: -1
2020/11/12-22:57:08.035533 70000c770000                         Options.WAL_ttl_seconds: 0
2020/11/12-22:57:08.035534 70000c770000                       Options.WAL_size_limit_MB: 0
2020/11/12-22:57:08.035535 70000c770000                        Options.max_write_batch_group_size_bytes: 1048576
2020/11/12-22:57:08.035536 70000c770000             Options.manifest_preallocation_size: 4194304
2020/11/12-22:57:08.035537 70000c770000                     Options.is_fd_close_on_exec: 1
2020/11/12-22:57:08.035538 70000c770000                   Options.advise_random_on_open: 1
2020/11/12-22:57:08.035539 70000c770000                    Options.db_write_buffer_size: 0
2020/11/12-22:57:08.035540 70000c770000                    Options.write_buffer_manager: 0x7f8722952d20
2020/11/12-22:57:08.035562 70000c770000         Options.access_hint_on_compaction_start: 1
2020/11/12-22:57:08.035564 70000c770000  Options.new_table_reader_for_compaction_inputs: 0
2020/11/12-22:57:08.035565 70000c770000           Options.random_access_max_buffer_size: 1048576
2020/11/12-22:57:08.035566 70000c770000                      Options.use_adaptive_mutex: 0
2020/11/12-22:57:08.035567 70000c770000                            Options.rate_limiter: 0x0
2020/11/12-22:57:08.035570 70000c770000     Options.sst_file_manager.rate_bytes_per_sec: 0
2020/11/12-22:57:08.035571 70000c770000                       Options.wal_recovery_mode: 2
2020/11/12-22:57:08.035572 70000c770000                  Options.enable_thread_tracking: 0
2020/11/12-22:57:08.035573 70000c770000                  Options.enable_pipelined_write: 0
2020/11/12-22:57:08.035574 70000c770000                  Options.unordered_write: 0
2020/11/12-22:57:08.035575 70000c770000         Options.allow_concurrent_memtable_write: 1
2020/11/12-22:57:08.035576 70000c770000      Options.enable_write_thread_adaptive_yield: 1
2020/11/12-22:57:08.035577 70000c770000             Options.write_thread_max_yield_usec: 100
2020/11/12-22:57:08.035578 70000c770000            Options.write_thread_slow_yield_usec: 3
2020/11/12-22:57:08.035579 70000c770000                               Options.row_cache: None
2020/11/12-22:57:08.035580 70000c770000                              Options.wal_filter: None
2020/11/12-22:57:08.035581 70000c770000             Options.avoid_flush_during_recovery: 0
2020/11/12-22:57:08.035582 70000c770000             Options.allow_ingest_behind: 0
2020/11/12-22:57:08.035583 70000c770000             Options.preserve_deletes: 0
2020/11/12-22:57:08.035584 70000c770000             Options.two_write_queues: 0
2020/11/12-22:57:08.035585 70000c770000             Options.manual_wal_flush: 0
2020/11/12-22:57:08.035586 70000c770000             Options.atomic_flush: 0
2020/11/12-22:57:08.035587 70000c770000             Options.avoid_unnecessary_blocking_io: 0
2020/11/12-22:57:08.035588 70000c770000                 Options.persist_stats_to_disk: 0
2020/11/12-22:57:08.035589 70000c770000                 Options.write_dbid_to_manifest: 0
2020/11/12-22:57:08.035590 70000c770000                 Options.log_readahead_size: 0
2020/11/12-22:57:08.035591 70000c770000                 Options.sst_file_checksum_func: Unknown
2020/11/12-22:57:08.035592 70000c770000             Options.max_background_jobs: 2
2020/11/12-22:57:08.035593 70000c770000             Options.max_background_compactions: 4
2020/11/12-22:57:08.035594 70000c770000             Options.avoid_flush_during_shutdown: 0
2020/11/12-22:57:08.035595 70000c770000           Options.writable_file_max_buffer_size: 1048576
2020/11/12-22:57:08.035596 70000c770000             Options.delayed_write_rate : 16777216
2020/11/12-22:57:08.035597 70000c770000             Options.max_total_wal_size: 0
2020/11/12-22:57:08.035598 70000c770000             Options.delete_obsolete_files_period_micros: 21600000000
2020/11/12-22:57:08.035599 70000c770000                   Options.stats_dump_period_sec: 600
2020/11/12-22:57:08.035600 70000c770000                 Options.stats_persist_period_sec: 600
2020/11/12-22:57:08.035601 70000c770000                 Options.stats_history_buffer_size: 1048576
2020/11/12-22:57:08.035602 70000c770000                          Options.max_open_files: 1024
2020/11/12-22:57:08.035603 70000c770000                          Options.bytes_per_sync: 0
2020/11/12-22:57:08.035604 70000c770000                      Options.wal_bytes_per_sync: 0
2020/11/12-22:57:08.035607 70000c770000                   Options.strict_bytes_per_sync: 0
2020/11/12-22:57:08.035608 70000c770000       Options.compaction_readahead_size: 0
2020/11/12-22:57:08.035609 70000c770000 Compression algorithms supported:
2020/11/12-22:57:08.035613 70000c770000 	kZSTD supported: 1
2020/11/12-22:57:08.035614 70000c770000 	kZlibCompression supported: 1
2020/11/12-22:57:08.035615 70000c770000 	kXpressCompression supported: 0
2020/11/12-22:57:08.035616 70000c770000 	kSnappyCompression supported: 1
2020/11/12-22:57:08.035632 70000c770000 	kZSTDNotFinalCompression supported: 1
2020/11/12-22:57:08.035633 70000c770000 	kLZ4HCCompression supported: 1
2020/11/12-22:57:08.035634 70000c770000 	kLZ4Compression supported: 1
2020/11/12-22:57:08.035635 70000c770000 	kBZip2Compression supported: 1
2020/11/12-22:57:08.035640 70000c770000 Fast CRC32 supported: Not supported on x86
2020/11/12-22:57:08.036187 70000c770000 [rsion_set.cc:4413] Recovering from manifest file: /Users/akanit/NissanCool/ProjectCE_coin/testBlockchain/testTruffle/PrivateBlockchain/node1/data/database/MANIFEST-000030
2020/11/12-22:57:08.036260 70000c770000 [lumn_family.cc:552] --------------- Options for column family [default]:
2020/11/12-22:57:08.036263 70000c770000               Options.comparator: leveldb.BytewiseComparator
2020/11/12-22:57:08.036265 70000c770000           Options.merge_operator: None
2020/11/12-22:57:08.036266 70000c770000        Options.compaction_filter: None
2020/11/12-22:57:08.036267 70000c770000        Options.compaction_filter_factory: None
2020/11/12-22:57:08.036268 70000c770000         Options.memtable_factory: SkipListFactory
2020/11/12-22:57:08.036269 70000c770000            Options.table_factory: BlockBasedTable
2020/11/12-22:57:08.036289 70000c770000            table_factory options:   flush_block_policy_factory: FlushBlockBySizePolicyFactory (0x7f872294edd0)
  cache_index_and_filter_blocks: 0
  cache_index_and_filter_blocks_with_high_priority: 0
  pin_l0_filter_and_index_blocks_in_cache: 0
  pin_top_level_index_and_filter: 1
  index_type: 0
  data_block_index_type: 0
  index_shortening: 1
  data_block_hash_table_util_ratio: 0.750000
  hash_index_allow_collision: 1
  checksum: 1
  no_block_cache: 0
  block_cache: 0x7f872294e538
  block_cache_name: LRUCache
  block_cache_options:
    capacity : 8388608
    num_shard_bits : 4
    strict_capacity_limit : 0
    memory_allocator : None
    high_pri_pool_ratio: 0.000
  block_cache_compressed: 0x0
  persistent_cache: 0x0
  block_size: 4096
  block_size_deviation: 10
  block_restart_interval: 16
  index_block_restart_interval: 1
  metadata_block_size: 4096
  partition_filters: 0
  use_delta_encoding: 1
  filter_policy: nullptr
  whole_key_filtering: 1
  verify_compression: 1
  read_amp_bytes_per_bit: 0
  format_version: 2
  enable_index_compression: 1
  block_align: 0
2020/11/12-22:57:08.036293 70000c770000        Options.write_buffer_size: 67108864
2020/11/12-22:57:08.036294 70000c770000  Options.max_write_buffer_number: 2
2020/11/12-22:57:08.036295 70000c770000          Options.compression: Snappy
2020/11/12-22:57:08.036296 70000c770000                  Options.bottommost_compression: Disabled
2020/11/12-22:57:08.036298 70000c770000       Options.prefix_extractor: nullptr
2020/11/12-22:57:08.036299 70000c770000   Options.memtable_insert_with_hint_prefix_extractor: nullptr
2020/11/12-22:57:08.036300 70000c770000             Options.num_levels: 7
2020/11/12-22:57:08.036301 70000c770000        Options.min_write_buffer_number_to_merge: 1
2020/11/12-22:57:08.036302 70000c770000     Options.max_write_buffer_number_to_maintain: 0
2020/11/12-22:57:08.036304 70000c770000     Options.max_write_buffer_size_to_maintain: 134217728
2020/11/12-22:57:08.036305 70000c770000            Options.bottommost_compression_opts.window_bits: -14
2020/11/12-22:57:08.036306 70000c770000                  Options.bottommost_compression_opts.level: 32767
2020/11/12-22:57:08.036307 70000c770000               Options.bottommost_compression_opts.strategy: 0
2020/11/12-22:57:08.036308 70000c770000         Options.bottommost_compression_opts.max_dict_bytes: 0
2020/11/12-22:57:08.036310 70000c770000         Options.bottommost_compression_opts.zstd_max_train_bytes: 0
2020/11/12-22:57:08.036311 70000c770000                  Options.bottommost_compression_opts.enabled: false
2020/11/12-22:57:08.036312 70000c770000            Options.compression_opts.window_bits: -14
2020/11/12-22:57:08.036313 70000c770000                  Options.compression_opts.level: 32767
2020/11/12-22:57:08.036314 70000c770000               Options.compression_opts.strategy: 0
2020/11/12-22:57:08.036340 70000c770000         Options.compression_opts.max_dict_bytes: 0
2020/11/12-22:57:08.036341 70000c770000         Options.compression_opts.zstd_max_train_bytes: 0
2020/11/12-22:57:08.036343 70000c770000                  Options.compression_opts.enabled: false
2020/11/12-22:57:08.036344 70000c770000      Options.level0_file_num_compaction_trigger: 4
2020/11/12-22:57:08.036347 70000c770000          Options.level0_slowdown_writes_trigger: 20
2020/11/12-22:57:08.036348 70000c770000              Options.level0_stop_writes_trigger: 36
2020/11/12-22:57:08.036349 70000c770000                   Options.target_file_size_base: 67108864
2020/11/12-22:57:08.036350 70000c770000             Options.target_file_size_multiplier: 1
2020/11/12-22:57:08.036351 70000c770000                Options.max_bytes_for_level_base: 268435456
2020/11/12-22:57:08.036352 70000c770000 Options.level_compaction_dynamic_level_bytes: 0
2020/11/12-22:57:08.036354 70000c770000          Options.max_bytes_for_level_multiplier: 10.000000
2020/11/12-22:57:08.036355 70000c770000 Options.max_bytes_for_level_multiplier_addtl[0]: 1
2020/11/12-22:57:08.036356 70000c770000 Options.max_bytes_for_level_multiplier_addtl[1]: 1
2020/11/12-22:57:08.036357 70000c770000 Options.max_bytes_for_level_multiplier_addtl[2]: 1
2020/11/12-22:57:08.036358 70000c770000 Options.max_bytes_for_level_multiplier_addtl[3]: 1
2020/11/12-22:57:08.036359 70000c770000 Options.max_bytes_for_level_multiplier_addtl[4]: 1
2020/11/12-22:57:08.036360 70000c770000 Options.max_bytes_for_level_multiplier_addtl[5]: 1
2020/11/12-22:57:08.036361 70000c770000 Options.max_bytes_for_level_multiplier_addtl[6]: 1
2020/11/12-22:57:08.036362 70000c770000       Options.max_sequential_skip_in_iterations: 8
2020/11/12-22:57:08.036363 70000c770000                    Options.max_compaction_bytes: 1677721600
2020/11/12-22:57:08.036364 70000c770000                        Options.arena_block_size: 8388608
2020/11/12-22:57:08.036365 70000c770000   Options.soft_pending_compaction_bytes_limit: 68719476736
2020/11/12-22:57:08.036367 70000c770000   Options.hard_pending_compaction_bytes_limit: 274877906944
2020/11/12-22:57:08.036368 70000c770000       Options.rate_limit_delay_max_milliseconds: 100
2020/11/12-22:57:08.036369 70000c770000                Options.disable_auto_compactions: 1
2020/11/12-22:57:08.036370 70000c770000                        Options.compaction_style: kCompactionStyleLevel
2020/11/12-22:57:08.036371 70000c770000                          Options.compaction_pri: kMinOverlappingRatio
2020/11/12-22:57:08.036372 70000c770000 Options.compaction_options_universal.size_ratio: 1
2020/11/12-22:57:08.036373 70000c770000 Options.compaction_options_universal.min_merge_width: 2
2020/11/12-22:57:08.036374 70000c770000 Options.compaction_options_universal.max_merge_width: 4294967295
2020/11/12-22:57:08.036375 70000c770000 Options.compaction_options_universal.max_size_amplification_percent: 200
2020/11/12-22:57:08.036376 70000c770000 Options.compaction_options_universal.compression_size_percent: -1
2020/11/12-22:57:08.036378 70000c770000 Options.compaction_options_universal.stop_style: kCompactionStopStyleTotalSize
2020/11/12-22:57:08.036379 70000c770000 Options.compaction_options_fifo.max_table_files_size: 1073741824
2020/11/12-22:57:08.036380 70000c770000 Options.compaction_options_fifo.allow_compaction: 0
2020/11/12-22:57:08.036381 70000c770000                   Options.table_properties_collectors: 
2020/11/12-22:57:08.036382 70000c770000                   Options.inplace_update_support: 0
2020/11/12-22:57:08.036383 70000c770000                 Options.inplace_update_num_locks: 10000
2020/11/12-22:57:08.036384 70000c770000               Options.memtable_prefix_bloom_size_ratio: 0.000000
2020/11/12-22:57:08.036385 70000c770000               Options.memtable_whole_key_filtering: 0
2020/11/12-22:57:08.036386 70000c770000   Options.memtable_huge_page_size: 0
2020/11/12-22:57:08.036387 70000c770000                           Options.bloom_locality: 0
2020/11/12-22:57:08.036404 70000c770000                    Options.max_successive_merges: 0
2020/11/12-22:57:08.036405 70000c770000                Options.optimize_filters_for_hits: 0
2020/11/12-22:57:08.036406 70000c770000                Options.paranoid_file_checks: 0
2020/11/12-22:57:08.036407 70000c770000                Options.force_consistency_checks: 0
2020/11/12-22:57:08.036408 70000c770000                Options.report_bg_io_stats: 0
2020/11/12-22:57:08.036409 70000c770000                               Options.ttl: 2592000
2020/11/12-22:57:08.036410 70000c770000          Options.periodic_compaction_seconds: 0
2020/11/12-22:57:08.036497 70000c770000 [lumn_family.cc:552] --------------- Options for column family []:
2020/11/12-22:57:08.036499 70000c770000               Options.comparator: leveldb.BytewiseComparator
2020/11/12-22:57:08.036500 70000c770000           Options.merge_operator: None
2020/11/12-22:57:08.036501 70000c770000        Options.compaction_filter: None
2020/11/12-22:57:08.036501 70000c770000        Options.compaction_filter_factory: None
2020/11/12-22:57:08.036502 70000c770000         Options.memtable_factory: SkipListFactory
2020/11/12-22:57:08.036503 70000c770000            Options.table_factory: BlockBasedTable
2020/11/12-22:57:08.036515 70000c770000            table_factory options:   flush_block_policy_factory: FlushBlockBySizePolicyFactory (0x7f8722948f80)
  cache_index_and_filter_blocks: 0
  cache_index_and_filter_blocks_with_high_priority: 1
  pin_l0_filter_and_index_blocks_in_cache: 0
  pin_top_level_index_and_filter: 1
  index_type: 0
  data_block_index_type: 0
  index_shortening: 1
  data_block_hash_table_util_ratio: 0.750000
  hash_index_allow_collision: 1
  checksum: 1
  no_block_cache: 0
  block_cache: 0x7f87229493c8
  block_cache_name: LRUCache
  block_cache_options:
    capacity : 8388608
    num_shard_bits : 4
    strict_capacity_limit : 0
    memory_allocator : None
    high_pri_pool_ratio: 0.000
  block_cache_compressed: 0x0
  persistent_cache: 0x0
  block_size: 4096
  block_size_deviation: 10
  block_restart_interval: 16
  index_block_restart_interval: 1
  metadata_block_size: 4096
  partition_filters: 0
  use_delta_encoding: 1
  filter_policy: nullptr
  whole_key_filtering: 1
  verify_compression: 0
  read_amp_bytes_per_bit: 0
  format_version: 2
  enable_index_compression: 1
  block_align: 0
2020/11/12-22:57:08.036518 70000c770000        Options.write_buffer_size: 67108864
2020/11/12-22:57:08.036519 70000c770000  Options.max_write_buffer_number: 2
2020/11/12-22:57:08.036520 70000c770000          Options.compression: Snappy
2020/11/12-22:57:08.036521 70000c770000                  Options.bottommost_compression: Disabled
2020/11/12-22:57:08.036522 70000c770000       Options.prefix_extractor: nullptr
2020/11/12-22:57:08.036523 70000c770000   Options.memtable_insert_with_hint_prefix_extractor: nullptr
2020/11/12-22:57:08.036524 70000c770000             Options.num_levels: 7
2020/11/12-22:57:08.036525 70000c770000        Options.min_write_buffer_number_to_merge: 1
2020/11/12-22:57:08.036526 70000c770000     Options.max_write_buffer_number_to_maintain: 0
2020/11/12-22:57:08.036527 70000c770000     Options.max_write_buffer_size_to_maintain: 134217728
2020/11/12-22:57:08.036528 70000c770000            Options.bottommost_compression_opts.window_bits: -14
2020/11/12-22:57:08.036529 70000c770000                  Options.bottommost_compression_opts.level: 32767
2020/11/12-22:57:08.036530 70000c770000               Options.bottommost_compression_opts.strategy: 0
2020/11/12-22:57:08.036531 70000c770000         Options.bottommost_compression_opts.max_dict_bytes: 0
2020/11/12-22:57:08.036532 70000c770000         Options.bottommost_compression_opts.zstd_max_train_bytes: 0
2020/11/12-22:57:08.036533 70000c770000                  Options.bottommost_compression_opts.enabled: false
2020/11/12-22:57:08.036534 70000c770000            Options.compression_opts.window_bits: -14
2020/11/12-22:57:08.036535 70000c770000                  Options.compression_opts.level: 32767
2020/11/12-22:57:08.036536 70000c770000               Options.compression_opts.strategy: 0
2020/11/12-22:57:08.036554 70000c770000         Options.compression_opts.max_dict_bytes: 0
2020/11/12-22:57:08.036555 70000c770000         Options.compression_opts.zstd_max_train_bytes: 0
2020/11/12-22:57:08.036556 70000c770000                  Options.compression_opts.enabled: false
2020/11/12-22:57:08.036557 70000c770000      Options.level0_file_num_compaction_trigger: 4
2020/11/12-22:57:08.036558 70000c770000          Options.level0_slowdown_writes_trigger: 20
2020/11/12-22:57:08.036559 70000c770000              Options.level0_stop_writes_trigger: 36
2020/11/12-22:57:08.036560 70000c770000                   Options.target_file_size_base: 67108864
2020/11/12-22:57:08.036561 70000c770000             Options.target_file_size_multiplier: 1
2020/11/12-22:57:08.036562 70000c770000                Options.max_bytes_for_level_base: 268435456
2020/11/12-22:57:08.036563 70000c770000 Options.level_compaction_dynamic_level_bytes: 0
2020/11/12-22:57:08.036564 70000c770000          Options.max_bytes_for_level_multiplier: 10.000000
2020/11/12-22:57:08.036566 70000c770000 Options.max_bytes_for_level_multiplier_addtl[0]: 1
2020/11/12-22:57:08.036567 70000c770000 Options.max_bytes_for_level_multiplier_addtl[1]: 1
2020/11/12-22:57:08.036568 70000c770000 Options.max_bytes_for_level_multiplier_addtl[2]: 1
2020/11/12-22:57:08.036569 70000c770000 Options.max_bytes_for_level_multiplier_addtl[3]: 1
2020/11/12-22:57:08.036570 70000c770000 Options.max_bytes_for_level_multiplier_addtl[4]: 1
2020/11/12-22:57:08.036571 70000c770000 Options.max_bytes_for_level_multiplier_addtl[5]: 1
2020/11/12-22:57:08.036572 70000c770000 Options.max_bytes_for_level_multiplier_addtl[6]: 1
2020/11/12-22:57:08.036573 70000c770000       Options.max_sequential_skip_in_iterations: 8
2020/11/12-22:57:08.036574 70000c770000                    Options.max_compaction_bytes: 1677721600
2020/11/12-22:57:08.036575 70000c770000                        Options.arena_block_size: 8388608
2020/11/12-22:57:08.036576 70000c770000   Options.soft_pending_compaction_bytes_limit: 68719476736
2020/11/12-22:57:08.036577 70000c770000   Options.hard_pending_compaction_bytes_limit: 274877906944
2020/11/12-22:57:08.036578 70000c770000       Options.rate_limit_delay_max_milliseconds: 100
2020/11/12-22:57:08.036579 70000c770000                Options.disable_auto_compactions: 1
2020/11/12-22:57:08.036580 70000c770000                        Options.compaction_style: kCompactionStyleLevel
2020/11/12-22:57:08.036581 70000c770000                          Options.compaction_pri: kMinOverlappingRatio
2020/11/12-22:57:08.036582 70000c770000 Options.compaction_options_universal.size_ratio: 1
2020/11/12-22:57:08.036583 70000c770000 Options.compaction_options_universal.min_merge_width: 2
2020/11/12-22:57:08.036584 70000c770000 Options.compaction_options_universal.max_merge_width: 4294967295
2020/11/12-22:57:08.036585 70000c770000 Options.compaction_options_universal.max_size_amplification_percent: 200
2020/11/12-22:57:08.036586 70000c770000 Options.compaction_options_universal.compression_size_percent: -1
2020/11/12-22:57:08.036587 70000c770000 Options.compaction_options_universal.stop_style: kCompactionStopStyleTotalSize
2020/11/12-22:57:08.036588 70000c770000 Options.compaction_options_fifo.max_table_files_size: 1073741824
2020/11/12-22:57:08.036589 70000c770000 Options.compaction_options_fifo.allow_compaction: 0
2020/11/12-22:57:08.036590 70000c770000                   Options.table_properties_collectors: 
2020/11/12-22:57:08.036591 70000c770000                   Options.inplace_update_support: 0
2020/11/12-22:57:08.036592 70000c770000                 Options.inplace_update_num_locks: 10000
2020/11/12-22:57:08.036593 70000c770000               Options.memtable_prefix_bloom_size_ratio: 0.000000
2020/11/12-22:57:08.036595 70000c770000               Options.memtable_whole_key_filtering: 0
2020/11/12-22:57:08.036595 70000c770000   Options.memtable_huge_page_size: 0
2020/11/12-22:57:08.036596 70000c770000                           Options.bloom_locality: 0
2020/11/12-22:57:08.036611 70000c770000                    Options.max_successive_merges: 0
2020/11/12-22:57:08.036612 70000c770000                Options.optimize_filters_for_hits: 0
2020/11/12-22:57:08.036613 70000c770000                Options.paranoid_file_checks: 0
2020/11/12-22:57:08.036614 70000c770000                Options.force_consistency_checks: 0
2020/11/12-22:57:08.036615 70000c770000                Options.report_bg_io_stats: 0
2020/11/12-22:57:08.036616 70000c770000                               Options.ttl: 2592000
2020/11/12-22:57:08.036617 70000c770000          Options.periodic_compaction_seconds: 0
2020/11/12-22:57:08.036648 70000c770000 [lumn_family.cc:552] --------------- Options for column family []:
2020/11/12-22:57:08.036650 70000c770000               Options.comparator: leveldb.BytewiseComparator
2020/11/12-22:57:08.036651 70000c770000           Options.merge_operator: None
2020/11/12-22:57:08.036652 70000c770000        Options.compaction_filter: None
2020/11/12-22:57:08.036653 70000c770000        Options.compaction_filter_factory: None
2020/11/12-22:57:08.036654 70000c770000         Options.memtable_factory: SkipListFactory
2020/11/12-22:57:08.036655 70000c770000            Options.table_factory: BlockBasedTable
2020/11/12-22:57:08.036667 70000c770000            table_factory options:   flush_block_policy_factory: FlushBlockBySizePolicyFactory (0x7f872294a560)
  cache_index_and_filter_blocks: 0
  cache_index_and_filter_blocks_with_high_priority: 1
  pin_l0_filter_and_index_blocks_in_cache: 0
  pin_top_level_index_and_filter: 1
  index_type: 0
  data_block_index_type: 0
  index_shortening: 1
  data_block_hash_table_util_ratio: 0.750000
  hash_index_allow_collision: 1
  checksum: 1
  no_block_cache: 0
  block_cache: 0x7f872294a5a8
  block_cache_name: LRUCache
  block_cache_options:
    capacity : 8388608
    num_shard_bits : 4
    strict_capacity_limit : 0
    memory_allocator : None
    high_pri_pool_ratio: 0.000
  block_cache_compressed: 0x0
  persistent_cache: 0x0
  block_size: 4096
  block_size_deviation: 10
  block_restart_interval: 16
  index_block_restart_interval: 1
  metadata_block_size: 4096
  partition_filters: 0
  use_delta_encoding: 1
  filter_policy: nullptr
  whole_key_filtering: 1
  verify_compression: 0
  read_amp_bytes_per_bit: 0
  format_version: 2
  enable_index_compression: 1
  block_align: 0
2020/11/12-22:57:08.036669 70000c770000        Options.write_buffer_size: 67108864
2020/11/12-22:57:08.036670 70000c770000  Options.max_write_buffer_number: 2
2020/11/12-22:57:08.036671 70000c770000          Options.compression: Snappy
2020/11/12-22:57:08.036672 70000c770000                  Options.bottommost_compression: Disabled
2020/11/12-22:57:08.036673 70000c770000       Options.prefix_extractor: nullptr
2020/11/12-22:57:08.036674 70000c770000   Options.memtable_insert_with_hint_prefix_extractor: nullptr
2020/11/12-22:57:08.036675 70000c770000             Options.num_levels: 7
2020/11/12-22:57:08.036676 70000c770000        Options.min_write_buffer_number_to_merge: 1
2020/11/12-22:57:08.036677 70000c770000     Options.max_write_buffer_number_to_maintain: 0
2020/11/12-22:57:08.036678 70000c770000     Options.max_write_buffer_size_to_maintain: 134217728
2020/11/12-22:57:08.036679 70000c770000            Options.bottommost_compression_opts.window_bits: -14
2020/11/12-22:57:08.036681 70000c770000                  Options.bottommost_compression_opts.level: 32767
2020/11/12-22:57:08.036682 70000c770000               Options.bottommost_compression_opts.strategy: 0
2020/11/12-22:57:08.036683 70000c770000         Options.bottommost_compression_opts.max_dict_bytes: 0
2020/11/12-22:57:08.036684 70000c770000         Options.bottommost_compression_opts.zstd_max_train_bytes: 0
2020/11/12-22:57:08.036685 70000c770000                  Options.bottommost_compression_opts.enabled: false
2020/11/12-22:57:08.036686 70000c770000            Options.compression_opts.window_bits: -14
2020/11/12-22:57:08.036687 70000c770000                  Options.compression_opts.level: 32767
2020/11/12-22:57:08.036703 70000c770000               Options.compression_opts.strategy: 0
2020/11/12-22:57:08.036705 70000c770000         Options.compression_opts.max_dict_bytes: 0
2020/11/12-22:57:08.036706 70000c770000         Options.compression_opts.zstd_max_train_bytes: 0
2020/11/12-22:57:08.036707 70000c770000                  Options.compression_opts.enabled: false
2020/11/12-22:57:08.036708 70000c770000      Options.level0_file_num_compaction_trigger: 4
2020/11/12-22:57:08.036709 70000c770000          Options.level0_slowdown_writes_trigger: 20
2020/11/12-22:57:08.036710 70000c770000              Options.level0_stop_writes_trigger: 36
2020/11/12-22:57:08.036711 70000c770000                   Options.target_file_size_base: 67108864
2020/11/12-22:57:08.036712 70000c770000             Options.target_file_size_multiplier: 1
2020/11/12-22:57:08.036713 70000c770000                Options.max_bytes_for_level_base: 268435456
2020/11/12-22:57:08.036714 70000c770000 Options.level_compaction_dynamic_level_bytes: 0
2020/11/12-22:57:08.036715 70000c770000          Options.max_bytes_for_level_multiplier: 10.000000
2020/11/12-22:57:08.036716 70000c770000 Options.max_bytes_for_level_multiplier_addtl[0]: 1
2020/11/12-22:57:08.036717 70000c770000 Options.max_bytes_for_level_multiplier_addtl[1]: 1
2020/11/12-22:57:08.036718 70000c770000 Options.max_bytes_for_level_multiplier_addtl[2]: 1
2020/11/12-22:57:08.036719 70000c770000 Options.max_bytes_for_level_multiplier_addtl[3]: 1
2020/11/12-22:57:08.036720 70000c770000 Options.max_bytes_for_level_multiplier_addtl[4]: 1
2020/11/12-22:57:08.036721 70000c770000 Options.max_bytes_for_level_multiplier_addtl[5]: 1
2020/11/12-22:57:08.036722 70000c770000 Options.max_bytes_for_level_multiplier_addtl[6]: 1
2020/11/12-22:57:08.036723 70000c770000       Options.max_sequential_skip_in_iterations: 8
2020/11/12-22:57:08.036724 70000c770000                    Options.max_compaction_bytes: 1677721600
2020/11/12-22:57:08.036725 70000c770000                        Options.arena_block_size: 8388608
2020/11/12-22:57:08.036726 70000c770000   Options.soft_pending_compaction_bytes_limit: 68719476736
2020/11/12-22:57:08.036727 70000c770000   Options.hard_pending_compaction_bytes_limit: 274877906944
2020/11/12-22:57:08.036728 70000c770000       Options.rate_limit_delay_max_milliseconds: 100
2020/11/12-22:57:08.036729 70000c770000                Options.disable_auto_compactions: 1
2020/11/12-22:57:08.036730 70000c770000                        Options.compaction_style: kCompactionStyleLevel
2020/11/12-22:57:08.036731 70000c770000                          Options.compaction_pri: kMinOverlappingRatio
2020/11/12-22:57:08.036732 70000c770000 Options.compaction_options_universal.size_ratio: 1
2020/11/12-22:57:08.036733 70000c770000 Options.compaction_options_universal.min_merge_width: 2
2020/11/12-22:57:08.036734 70000c770000 Options.compaction_options_universal.max_merge_width: 4294967295
2020/11/12-22:57:08.036735 70000c770000 Options.compaction_options_universal.max_size_amplification_percent: 200
2020/11/12-22:57:08.036736 70000c770000 Options.compaction_options_universal.compression_size_percent: -1
2020/11/12-22:57:08.036737 70000c770000 Options.compaction_options_universal.stop_style: kCompactionStopStyleTotalSize
2020/11/12-22:57:08.036738 70000c770000 Options.compaction_options_fifo.max_table_files_size: 1073741824
2020/11/12-22:57:08.036739 70000c770000 Options.compaction_options_fifo.allow_compaction: 0
2020/11/12-22:57:08.036740 70000c770000                   Options.table_properties_collectors: 
2020/11/12-22:57:08.036741 70000c770000                   Options.inplace_update_support: 0
2020/11/12-22:57:08.036742 70000c770000                 Options.inplace_update_num_locks: 10000
2020/11/12-22:57:08.036743 70000c770000               Options.memtable_prefix_bloom_size_ratio: 0.000000
2020/11/12-22:57:08.036744 70000c770000               Options.memtable_whole_key_filtering: 0
2020/11/12-22:57:08.036745 70000c770000   Options.memtable_huge_page_size: 0
2020/11/12-22:57:08.036746 70000c770000                           Options.bloom_locality: 0
2020/11/12-22:57:08.036761 70000c770000                    Options.max_successive_merges: 0
2020/11/12-22:57:08.036762 70000c770000                Options.optimize_filters_for_hits: 0
2020/11/12-22:57:08.036763 70000c770000                Options.paranoid_file_checks: 0
2020/11/12-22:57:08.036764 70000c770000                Options.force_consistency_checks: 0
2020/11/12-22:57:08.036765 70000c770000                Options.report_bg_io_stats: 0
2020/11/12-22:57:08.036766 70000c770000                               Options.ttl: 2592000
2020/11/12-22:57:08.036767 70000c770000          Options.periodic_compaction_seconds: 0
2020/11/12-22:57:08.036797 70000c770000 [lumn_family.cc:552] --------------- Options for column family []:
2020/11/12-22:57:08.036798 70000c770000               Options.comparator: leveldb.BytewiseComparator
2020/11/12-22:57:08.036799 70000c770000           Options.merge_operator: None
2020/11/12-22:57:08.036800 70000c770000        Options.compaction_filter: None
2020/11/12-22:57:08.036801 70000c770000        Options.compaction_filter_factory: None
2020/11/12-22:57:08.036802 70000c770000         Options.memtable_factory: SkipListFactory
2020/11/12-22:57:08.036803 70000c770000            Options.table_factory: BlockBasedTable
2020/11/12-22:57:08.036816 70000c770000            table_factory options:   flush_block_policy_factory: FlushBlockBySizePolicyFactory (0x7f872294b2f0)
  cache_index_and_filter_blocks: 0
  cache_index_and_filter_blocks_with_high_priority: 1
  pin_l0_filter_and_index_blocks_in_cache: 0
  pin_top_level_index_and_filter: 1
  index_type: 0
  data_block_index_type: 0
  index_shortening: 1
  data_block_hash_table_util_ratio: 0.750000
  hash_index_allow_collision: 1
  checksum: 1
  no_block_cache: 0
  block_cache: 0x7f872294b338
  block_cache_name: LRUCache
  block_cache_options:
    capacity : 8388608
    num_shard_bits : 4
    strict_capacity_limit : 0
    memory_allocator : None
    high_pri_pool_ratio: 0.000
  block_cache_compressed: 0x0
  persistent_cache: 0x0
  block_size: 4096
  block_size_deviation: 10
  block_restart_interval: 16
  index_block_restart_interval: 1
  metadata_block_size: 4096
  partition_filters: 0
  use_delta_encoding: 1
  filter_policy: nullptr
  whole_key_filtering: 1
  verify_compression: 0
  read_amp_bytes_per_bit: 0
  format_version: 2
  enable_index_compression: 1
  block_align: 0
2020/11/12-22:57:08.036818 70000c770000        Options.write_buffer_size: 67108864
2020/11/12-22:57:08.036819 70000c770000  Options.max_write_buffer_number: 2
2020/11/12-22:57:08.036820 70000c770000          Options.compression: Snappy
2020/11/12-22:57:08.036821 70000c770000                  Options.bottommost_compression: Disabled
2020/11/12-22:57:08.036822 70000c770000       Options.prefix_extractor: nullptr
2020/11/12-22:57:08.036823 70000c770000   Options.memtable_insert_with_hint_prefix_extractor: nullptr
2020/11/12-22:57:08.036823 70000c770000             Options.num_levels: 7
2020/11/12-22:57:08.036824 70000c770000        Options.min_write_buffer_number_to_merge: 1
2020/11/12-22:57:08.036825 70000c770000     Options.max_write_buffer_number_to_maintain: 0
2020/11/12-22:57:08.036826 70000c770000     Options.max_write_buffer_size_to_maintain: 134217728
2020/11/12-22:57:08.036827 70000c770000            Options.bottommost_compression_opts.window_bits: -14
2020/11/12-22:57:08.036828 70000c770000                  Options.bottommost_compression_opts.level: 32767
2020/11/12-22:57:08.036829 70000c770000               Options.bottommost_compression_opts.strategy: 0
2020/11/12-22:57:08.036830 70000c770000         Options.bottommost_compression_opts.max_dict_bytes: 0
2020/11/12-22:57:08.036831 70000c770000         Options.bottommost_compression_opts.zstd_max_train_bytes: 0
2020/11/12-22:57:08.036832 70000c770000                  Options.bottommost_compression_opts.enabled: false
2020/11/12-22:57:08.036833 70000c770000            Options.compression_opts.window_bits: -14
2020/11/12-22:57:08.036834 70000c770000                  Options.compression_opts.level: 32767
2020/11/12-22:57:08.036850 70000c770000               Options.compression_opts.strategy: 0
2020/11/12-22:57:08.036852 70000c770000         Options.compression_opts.max_dict_bytes: 0
2020/11/12-22:57:08.036852 70000c770000         Options.compression_opts.zstd_max_train_bytes: 0
2020/11/12-22:57:08.036854 70000c770000                  Options.compression_opts.enabled: false
2020/11/12-22:57:08.036854 70000c770000      Options.level0_file_num_compaction_trigger: 4
2020/11/12-22:57:08.036855 70000c770000          Options.level0_slowdown_writes_trigger: 20
2020/11/12-22:57:08.036856 70000c770000              Options.level0_stop_writes_trigger: 36
2020/11/12-22:57:08.036857 70000c770000                   Options.target_file_size_base: 67108864
2020/11/12-22:57:08.036858 70000c770000             Options.target_file_size_multiplier: 1
2020/11/12-22:57:08.036859 70000c770000                Options.max_bytes_for_level_base: 268435456
2020/11/12-22:57:08.036860 70000c770000 Options.level_compaction_dynamic_level_bytes: 0
2020/11/12-22:57:08.036861 70000c770000          Options.max_bytes_for_level_multiplier: 10.000000
2020/11/12-22:57:08.036863 70000c770000 Options.max_bytes_for_level_multiplier_addtl[0]: 1
2020/11/12-22:57:08.036864 70000c770000 Options.max_bytes_for_level_multiplier_addtl[1]: 1
2020/11/12-22:57:08.036865 70000c770000 Options.max_bytes_for_level_multiplier_addtl[2]: 1
2020/11/12-22:57:08.036866 70000c770000 Options.max_bytes_for_level_multiplier_addtl[3]: 1
2020/11/12-22:57:08.036867 70000c770000 Options.max_bytes_for_level_multiplier_addtl[4]: 1
2020/11/12-22:57:08.036868 70000c770000 Options.max_bytes_for_level_multiplier_addtl[5]: 1
2020/11/12-22:57:08.036869 70000c770000 Options.max_bytes_for_level_multiplier_addtl[6]: 1
2020/11/12-22:57:08.036870 70000c770000       Options.max_sequential_skip_in_iterations: 8
2020/11/12-22:57:08.036871 70000c770000                    Options.max_compaction_bytes: 1677721600
2020/11/12-22:57:08.036872 70000c770000                        Options.arena_block_size: 8388608
2020/11/12-22:57:08.036873 70000c770000   Options.soft_pending_compaction_bytes_limit: 68719476736
2020/11/12-22:57:08.036874 70000c770000   Options.hard_pending_compaction_bytes_limit: 274877906944
2020/11/12-22:57:08.036875 70000c770000       Options.rate_limit_delay_max_milliseconds: 100
2020/11/12-22:57:08.036876 70000c770000                Options.disable_auto_compactions: 1
2020/11/12-22:57:08.036877 70000c770000                        Options.compaction_style: kCompactionStyleLevel
2020/11/12-22:57:08.036878 70000c770000                          Options.compaction_pri: kMinOverlappingRatio
2020/11/12-22:57:08.036879 70000c770000 Options.compaction_options_universal.size_ratio: 1
2020/11/12-22:57:08.036880 70000c770000 Options.compaction_options_universal.min_merge_width: 2
2020/11/12-22:57:08.036881 70000c770000 Options.compaction_options_universal.max_merge_width: 4294967295
