2020/11/13-21:38:28.862557 70000116b000 RocksDB version: 6.8.1
2020/11/13-21:38:28.862616 70000116b000 Git sha rocksdb_build_git_sha:27e593fbe10efa5a562ca79b1939ffb69d25163f
2020/11/13-21:38:28.862618 70000116b000 Compile date Apr 26 2020
2020/11/13-21:38:28.862620 70000116b000 DB SUMMARY
2020/11/13-21:38:28.862750 70000116b000 CURRENT file:  CURRENT
2020/11/13-21:38:28.862751 70000116b000 IDENTITY file:  IDENTITY
2020/11/13-21:38:28.862759 70000116b000 MANIFEST file:  MANIFEST-000129 size: 1288 Bytes
2020/11/13-21:38:28.862761 70000116b000 SST files in /Users/akanit/NissanCool/ProjectCE_coin/testBlockchain/testTruffle/PrivateBlockchain/node1/data/database dir, Total Num: 7, files: 000028.sst 000061.sst 000078.sst 000087.sst 000096.sst 000112.sst 000128.sst 
2020/11/13-21:38:28.862762 70000116b000 Write Ahead Log file in /Users/akanit/NissanCool/ProjectCE_coin/testBlockchain/testTruffle/PrivateBlockchain/node1/data/database: 000003.log size: 478508 ; 000031.log size: 649 ; 000047.log size: 1728903 ; 000064.log size: 2544560 ; 000081.log size: 629 ; 000098.log size: 629 ; 000114.log size: 629 ; 000130.log size: 1811 ; 
2020/11/13-21:38:28.862765 70000116b000                         Options.error_if_exists: 0
2020/11/13-21:38:28.862768 70000116b000                       Options.create_if_missing: 1
2020/11/13-21:38:28.862769 70000116b000                         Options.paranoid_checks: 1
2020/11/13-21:38:28.862770 70000116b000                                     Options.env: 0x12c2a8a48
2020/11/13-21:38:28.862771 70000116b000                                      Options.fs: Posix File System
2020/11/13-21:38:28.862772 70000116b000                                Options.info_log: 0x7fade4242480
2020/11/13-21:38:28.862773 70000116b000                Options.max_file_opening_threads: 16
2020/11/13-21:38:28.862774 70000116b000                              Options.statistics: 0x7fade423e390
2020/11/13-21:38:28.862775 70000116b000                               Options.use_fsync: 0
2020/11/13-21:38:28.862776 70000116b000                       Options.max_log_file_size: 0
2020/11/13-21:38:28.862777 70000116b000                  Options.max_manifest_file_size: 1073741824
2020/11/13-21:38:28.862778 70000116b000                   Options.log_file_time_to_roll: 0
2020/11/13-21:38:28.862779 70000116b000                       Options.keep_log_file_num: 1000
2020/11/13-21:38:28.862780 70000116b000                    Options.recycle_log_file_num: 0
2020/11/13-21:38:28.862781 70000116b000                         Options.allow_fallocate: 1
2020/11/13-21:38:28.862782 70000116b000                        Options.allow_mmap_reads: 0
2020/11/13-21:38:28.862783 70000116b000                       Options.allow_mmap_writes: 0
2020/11/13-21:38:28.862784 70000116b000                        Options.use_direct_reads: 0
2020/11/13-21:38:28.862785 70000116b000                        Options.use_direct_io_for_flush_and_compaction: 0
2020/11/13-21:38:28.862786 70000116b000          Options.create_missing_column_families: 1
2020/11/13-21:38:28.862787 70000116b000                              Options.db_log_dir: 
2020/11/13-21:38:28.862788 70000116b000                                 Options.wal_dir: /Users/akanit/NissanCool/ProjectCE_coin/testBlockchain/testTruffle/PrivateBlockchain/node1/data/database
2020/11/13-21:38:28.862789 70000116b000                Options.table_cache_numshardbits: 6
2020/11/13-21:38:28.862790 70000116b000                      Options.max_subcompactions: 1
2020/11/13-21:38:28.862791 70000116b000                  Options.max_background_flushes: -1
2020/11/13-21:38:28.862792 70000116b000                         Options.WAL_ttl_seconds: 0
2020/11/13-21:38:28.862793 70000116b000                       Options.WAL_size_limit_MB: 0
2020/11/13-21:38:28.862794 70000116b000                        Options.max_write_batch_group_size_bytes: 1048576
2020/11/13-21:38:28.862795 70000116b000             Options.manifest_preallocation_size: 4194304
2020/11/13-21:38:28.862796 70000116b000                     Options.is_fd_close_on_exec: 1
2020/11/13-21:38:28.862797 70000116b000                   Options.advise_random_on_open: 1
2020/11/13-21:38:28.862820 70000116b000                    Options.db_write_buffer_size: 0
2020/11/13-21:38:28.862821 70000116b000                    Options.write_buffer_manager: 0x7fade4242a40
2020/11/13-21:38:28.862822 70000116b000         Options.access_hint_on_compaction_start: 1
2020/11/13-21:38:28.862823 70000116b000  Options.new_table_reader_for_compaction_inputs: 0
2020/11/13-21:38:28.862824 70000116b000           Options.random_access_max_buffer_size: 1048576
2020/11/13-21:38:28.862825 70000116b000                      Options.use_adaptive_mutex: 0
2020/11/13-21:38:28.862826 70000116b000                            Options.rate_limiter: 0x0
2020/11/13-21:38:28.862829 70000116b000     Options.sst_file_manager.rate_bytes_per_sec: 0
2020/11/13-21:38:28.862830 70000116b000                       Options.wal_recovery_mode: 2
2020/11/13-21:38:28.862831 70000116b000                  Options.enable_thread_tracking: 0
2020/11/13-21:38:28.862832 70000116b000                  Options.enable_pipelined_write: 0
2020/11/13-21:38:28.862832 70000116b000                  Options.unordered_write: 0
2020/11/13-21:38:28.862833 70000116b000         Options.allow_concurrent_memtable_write: 1
2020/11/13-21:38:28.862834 70000116b000      Options.enable_write_thread_adaptive_yield: 1
2020/11/13-21:38:28.862835 70000116b000             Options.write_thread_max_yield_usec: 100
2020/11/13-21:38:28.862836 70000116b000            Options.write_thread_slow_yield_usec: 3
2020/11/13-21:38:28.862837 70000116b000                               Options.row_cache: None
2020/11/13-21:38:28.862838 70000116b000                              Options.wal_filter: None
2020/11/13-21:38:28.862839 70000116b000             Options.avoid_flush_during_recovery: 0
2020/11/13-21:38:28.862840 70000116b000             Options.allow_ingest_behind: 0
2020/11/13-21:38:28.862841 70000116b000             Options.preserve_deletes: 0
2020/11/13-21:38:28.862842 70000116b000             Options.two_write_queues: 0
2020/11/13-21:38:28.862843 70000116b000             Options.manual_wal_flush: 0
2020/11/13-21:38:28.862843 70000116b000             Options.atomic_flush: 0
2020/11/13-21:38:28.862844 70000116b000             Options.avoid_unnecessary_blocking_io: 0
2020/11/13-21:38:28.862845 70000116b000                 Options.persist_stats_to_disk: 0
2020/11/13-21:38:28.862846 70000116b000                 Options.write_dbid_to_manifest: 0
2020/11/13-21:38:28.862847 70000116b000                 Options.log_readahead_size: 0
2020/11/13-21:38:28.862848 70000116b000                 Options.sst_file_checksum_func: Unknown
2020/11/13-21:38:28.862849 70000116b000             Options.max_background_jobs: 2
2020/11/13-21:38:28.862850 70000116b000             Options.max_background_compactions: 4
2020/11/13-21:38:28.862851 70000116b000             Options.avoid_flush_during_shutdown: 0
2020/11/13-21:38:28.862852 70000116b000           Options.writable_file_max_buffer_size: 1048576
2020/11/13-21:38:28.862853 70000116b000             Options.delayed_write_rate : 16777216
2020/11/13-21:38:28.862854 70000116b000             Options.max_total_wal_size: 0
2020/11/13-21:38:28.862855 70000116b000             Options.delete_obsolete_files_period_micros: 21600000000
2020/11/13-21:38:28.862856 70000116b000                   Options.stats_dump_period_sec: 600
2020/11/13-21:38:28.862857 70000116b000                 Options.stats_persist_period_sec: 600
2020/11/13-21:38:28.862858 70000116b000                 Options.stats_history_buffer_size: 1048576
2020/11/13-21:38:28.862859 70000116b000                          Options.max_open_files: 1024
2020/11/13-21:38:28.862860 70000116b000                          Options.bytes_per_sync: 0
2020/11/13-21:38:28.862861 70000116b000                      Options.wal_bytes_per_sync: 0
2020/11/13-21:38:28.862863 70000116b000                   Options.strict_bytes_per_sync: 0
2020/11/13-21:38:28.862864 70000116b000       Options.compaction_readahead_size: 0
2020/11/13-21:38:28.862865 70000116b000 Compression algorithms supported:
2020/11/13-21:38:28.862868 70000116b000 	kZSTD supported: 1
2020/11/13-21:38:28.862884 70000116b000 	kZlibCompression supported: 1
2020/11/13-21:38:28.862886 70000116b000 	kXpressCompression supported: 0
2020/11/13-21:38:28.862887 70000116b000 	kSnappyCompression supported: 1
2020/11/13-21:38:28.862888 70000116b000 	kZSTDNotFinalCompression supported: 1
2020/11/13-21:38:28.862889 70000116b000 	kLZ4HCCompression supported: 1
2020/11/13-21:38:28.862890 70000116b000 	kLZ4Compression supported: 1
2020/11/13-21:38:28.862891 70000116b000 	kBZip2Compression supported: 1
2020/11/13-21:38:28.862896 70000116b000 Fast CRC32 supported: Not supported on x86
2020/11/13-21:38:28.863521 70000116b000 [rsion_set.cc:4413] Recovering from manifest file: /Users/akanit/NissanCool/ProjectCE_coin/testBlockchain/testTruffle/PrivateBlockchain/node1/data/database/MANIFEST-000129
2020/11/13-21:38:28.863637 70000116b000 [lumn_family.cc:552] --------------- Options for column family [default]:
2020/11/13-21:38:28.863640 70000116b000               Options.comparator: leveldb.BytewiseComparator
2020/11/13-21:38:28.863641 70000116b000           Options.merge_operator: None
2020/11/13-21:38:28.863643 70000116b000        Options.compaction_filter: None
2020/11/13-21:38:28.863643 70000116b000        Options.compaction_filter_factory: None
2020/11/13-21:38:28.863644 70000116b000         Options.memtable_factory: SkipListFactory
2020/11/13-21:38:28.863645 70000116b000            Options.table_factory: BlockBasedTable
2020/11/13-21:38:28.863674 70000116b000            table_factory options:   flush_block_policy_factory: FlushBlockBySizePolicyFactory (0x7fade423f250)
  cache_index_and_filter_blocks: 0
  cache_index_and_filter_blocks_with_high_priority: 0
  pin_l0_filter_and_index_blocks_in_cache: 0
  pin_top_level_index_and_filter: 1
  index_type: 0
  data_block_index_type: 0
  index_shortening: 1
  data_block_hash_table_util_ratio: 0.750000
  hash_index_allow_collision: 1
  checksum: 1
  no_block_cache: 0
  block_cache: 0x7fade423e9b8
  block_cache_name: LRUCache
  block_cache_options:
    capacity : 8388608
    num_shard_bits : 4
    strict_capacity_limit : 0
    memory_allocator : None
    high_pri_pool_ratio: 0.000
  block_cache_compressed: 0x0
  persistent_cache: 0x0
  block_size: 4096
  block_size_deviation: 10
  block_restart_interval: 16
  index_block_restart_interval: 1
  metadata_block_size: 4096
  partition_filters: 0
  use_delta_encoding: 1
  filter_policy: nullptr
  whole_key_filtering: 1
  verify_compression: 1
  read_amp_bytes_per_bit: 0
  format_version: 2
  enable_index_compression: 1
  block_align: 0
2020/11/13-21:38:28.863679 70000116b000        Options.write_buffer_size: 67108864
2020/11/13-21:38:28.863680 70000116b000  Options.max_write_buffer_number: 2
2020/11/13-21:38:28.863681 70000116b000          Options.compression: Snappy
2020/11/13-21:38:28.863682 70000116b000                  Options.bottommost_compression: Disabled
2020/11/13-21:38:28.863683 70000116b000       Options.prefix_extractor: nullptr
2020/11/13-21:38:28.863684 70000116b000   Options.memtable_insert_with_hint_prefix_extractor: nullptr
2020/11/13-21:38:28.863685 70000116b000             Options.num_levels: 7
2020/11/13-21:38:28.863686 70000116b000        Options.min_write_buffer_number_to_merge: 1
2020/11/13-21:38:28.863687 70000116b000     Options.max_write_buffer_number_to_maintain: 0
2020/11/13-21:38:28.863688 70000116b000     Options.max_write_buffer_size_to_maintain: 134217728
2020/11/13-21:38:28.863689 70000116b000            Options.bottommost_compression_opts.window_bits: -14
2020/11/13-21:38:28.863690 70000116b000                  Options.bottommost_compression_opts.level: 32767
2020/11/13-21:38:28.863691 70000116b000               Options.bottommost_compression_opts.strategy: 0
2020/11/13-21:38:28.863692 70000116b000         Options.bottommost_compression_opts.max_dict_bytes: 0
2020/11/13-21:38:28.863693 70000116b000         Options.bottommost_compression_opts.zstd_max_train_bytes: 0
2020/11/13-21:38:28.863694 70000116b000                  Options.bottommost_compression_opts.enabled: false
2020/11/13-21:38:28.863732 70000116b000            Options.compression_opts.window_bits: -14
2020/11/13-21:38:28.863733 70000116b000                  Options.compression_opts.level: 32767
2020/11/13-21:38:28.863734 70000116b000               Options.compression_opts.strategy: 0
2020/11/13-21:38:28.863735 70000116b000         Options.compression_opts.max_dict_bytes: 0
2020/11/13-21:38:28.863736 70000116b000         Options.compression_opts.zstd_max_train_bytes: 0
2020/11/13-21:38:28.863737 70000116b000                  Options.compression_opts.enabled: false
2020/11/13-21:38:28.863738 70000116b000      Options.level0_file_num_compaction_trigger: 4
2020/11/13-21:38:28.863741 70000116b000          Options.level0_slowdown_writes_trigger: 20
2020/11/13-21:38:28.863742 70000116b000              Options.level0_stop_writes_trigger: 36
2020/11/13-21:38:28.863743 70000116b000                   Options.target_file_size_base: 67108864
2020/11/13-21:38:28.863744 70000116b000             Options.target_file_size_multiplier: 1
2020/11/13-21:38:28.863745 70000116b000                Options.max_bytes_for_level_base: 268435456
2020/11/13-21:38:28.863746 70000116b000 Options.level_compaction_dynamic_level_bytes: 0
2020/11/13-21:38:28.863747 70000116b000          Options.max_bytes_for_level_multiplier: 10.000000
2020/11/13-21:38:28.863748 70000116b000 Options.max_bytes_for_level_multiplier_addtl[0]: 1
2020/11/13-21:38:28.863749 70000116b000 Options.max_bytes_for_level_multiplier_addtl[1]: 1
2020/11/13-21:38:28.863750 70000116b000 Options.max_bytes_for_level_multiplier_addtl[2]: 1
2020/11/13-21:38:28.863751 70000116b000 Options.max_bytes_for_level_multiplier_addtl[3]: 1
2020/11/13-21:38:28.863752 70000116b000 Options.max_bytes_for_level_multiplier_addtl[4]: 1
2020/11/13-21:38:28.863753 70000116b000 Options.max_bytes_for_level_multiplier_addtl[5]: 1
2020/11/13-21:38:28.863754 70000116b000 Options.max_bytes_for_level_multiplier_addtl[6]: 1
2020/11/13-21:38:28.863755 70000116b000       Options.max_sequential_skip_in_iterations: 8
2020/11/13-21:38:28.863756 70000116b000                    Options.max_compaction_bytes: 1677721600
2020/11/13-21:38:28.863757 70000116b000                        Options.arena_block_size: 8388608
2020/11/13-21:38:28.863758 70000116b000   Options.soft_pending_compaction_bytes_limit: 68719476736
2020/11/13-21:38:28.863759 70000116b000   Options.hard_pending_compaction_bytes_limit: 274877906944
2020/11/13-21:38:28.863760 70000116b000       Options.rate_limit_delay_max_milliseconds: 100
2020/11/13-21:38:28.863761 70000116b000                Options.disable_auto_compactions: 1
2020/11/13-21:38:28.863763 70000116b000                        Options.compaction_style: kCompactionStyleLevel
2020/11/13-21:38:28.863764 70000116b000                          Options.compaction_pri: kMinOverlappingRatio
2020/11/13-21:38:28.863765 70000116b000 Options.compaction_options_universal.size_ratio: 1
2020/11/13-21:38:28.863766 70000116b000 Options.compaction_options_universal.min_merge_width: 2
2020/11/13-21:38:28.863766 70000116b000 Options.compaction_options_universal.max_merge_width: 4294967295
2020/11/13-21:38:28.863767 70000116b000 Options.compaction_options_universal.max_size_amplification_percent: 200
2020/11/13-21:38:28.863768 70000116b000 Options.compaction_options_universal.compression_size_percent: -1
2020/11/13-21:38:28.863770 70000116b000 Options.compaction_options_universal.stop_style: kCompactionStopStyleTotalSize
2020/11/13-21:38:28.863771 70000116b000 Options.compaction_options_fifo.max_table_files_size: 1073741824
2020/11/13-21:38:28.863772 70000116b000 Options.compaction_options_fifo.allow_compaction: 0
2020/11/13-21:38:28.863773 70000116b000                   Options.table_properties_collectors: 
2020/11/13-21:38:28.863774 70000116b000                   Options.inplace_update_support: 0
2020/11/13-21:38:28.863775 70000116b000                 Options.inplace_update_num_locks: 10000
2020/11/13-21:38:28.863775 70000116b000               Options.memtable_prefix_bloom_size_ratio: 0.000000
2020/11/13-21:38:28.863777 70000116b000               Options.memtable_whole_key_filtering: 0
2020/11/13-21:38:28.863793 70000116b000   Options.memtable_huge_page_size: 0
2020/11/13-21:38:28.863794 70000116b000                           Options.bloom_locality: 0
2020/11/13-21:38:28.863795 70000116b000                    Options.max_successive_merges: 0
2020/11/13-21:38:28.863796 70000116b000                Options.optimize_filters_for_hits: 0
2020/11/13-21:38:28.863797 70000116b000                Options.paranoid_file_checks: 0
2020/11/13-21:38:28.863798 70000116b000                Options.force_consistency_checks: 0
2020/11/13-21:38:28.863798 70000116b000                Options.report_bg_io_stats: 0
2020/11/13-21:38:28.863799 70000116b000                               Options.ttl: 2592000
2020/11/13-21:38:28.863800 70000116b000          Options.periodic_compaction_seconds: 0
2020/11/13-21:38:28.863901 70000116b000 [lumn_family.cc:552] --------------- Options for column family []:
2020/11/13-21:38:28.863904 70000116b000               Options.comparator: leveldb.BytewiseComparator
2020/11/13-21:38:28.863905 70000116b000           Options.merge_operator: None
2020/11/13-21:38:28.863906 70000116b000        Options.compaction_filter: None
2020/11/13-21:38:28.863907 70000116b000        Options.compaction_filter_factory: None
2020/11/13-21:38:28.863908 70000116b000         Options.memtable_factory: SkipListFactory
2020/11/13-21:38:28.863909 70000116b000            Options.table_factory: BlockBasedTable
2020/11/13-21:38:28.863922 70000116b000            table_factory options:   flush_block_policy_factory: FlushBlockBySizePolicyFactory (0x7fade4239400)
  cache_index_and_filter_blocks: 0
  cache_index_and_filter_blocks_with_high_priority: 1
  pin_l0_filter_and_index_blocks_in_cache: 0
  pin_top_level_index_and_filter: 1
  index_type: 0
  data_block_index_type: 0
  index_shortening: 1
  data_block_hash_table_util_ratio: 0.750000
  hash_index_allow_collision: 1
  checksum: 1
  no_block_cache: 0
  block_cache: 0x7fade4239848
  block_cache_name: LRUCache
  block_cache_options:
    capacity : 8388608
    num_shard_bits : 4
    strict_capacity_limit : 0
    memory_allocator : None
    high_pri_pool_ratio: 0.000
  block_cache_compressed: 0x0
  persistent_cache: 0x0
  block_size: 4096
  block_size_deviation: 10
  block_restart_interval: 16
  index_block_restart_interval: 1
  metadata_block_size: 4096
  partition_filters: 0
  use_delta_encoding: 1
  filter_policy: nullptr
  whole_key_filtering: 1
  verify_compression: 0
  read_amp_bytes_per_bit: 0
  format_version: 2
  enable_index_compression: 1
  block_align: 0
2020/11/13-21:38:28.863924 70000116b000        Options.write_buffer_size: 67108864
2020/11/13-21:38:28.863925 70000116b000  Options.max_write_buffer_number: 2
2020/11/13-21:38:28.863926 70000116b000          Options.compression: Snappy
2020/11/13-21:38:28.863927 70000116b000                  Options.bottommost_compression: Disabled
2020/11/13-21:38:28.863928 70000116b000       Options.prefix_extractor: nullptr
2020/11/13-21:38:28.863929 70000116b000   Options.memtable_insert_with_hint_prefix_extractor: nullptr
2020/11/13-21:38:28.863930 70000116b000             Options.num_levels: 7
2020/11/13-21:38:28.863931 70000116b000        Options.min_write_buffer_number_to_merge: 1
2020/11/13-21:38:28.863932 70000116b000     Options.max_write_buffer_number_to_maintain: 0
2020/11/13-21:38:28.863933 70000116b000     Options.max_write_buffer_size_to_maintain: 134217728
2020/11/13-21:38:28.863934 70000116b000            Options.bottommost_compression_opts.window_bits: -14
2020/11/13-21:38:28.863935 70000116b000                  Options.bottommost_compression_opts.level: 32767
2020/11/13-21:38:28.863936 70000116b000               Options.bottommost_compression_opts.strategy: 0
2020/11/13-21:38:28.863937 70000116b000         Options.bottommost_compression_opts.max_dict_bytes: 0
2020/11/13-21:38:28.863938 70000116b000         Options.bottommost_compression_opts.zstd_max_train_bytes: 0
2020/11/13-21:38:28.863939 70000116b000                  Options.bottommost_compression_opts.enabled: false
2020/11/13-21:38:28.863958 70000116b000            Options.compression_opts.window_bits: -14
2020/11/13-21:38:28.863959 70000116b000                  Options.compression_opts.level: 32767
2020/11/13-21:38:28.863960 70000116b000               Options.compression_opts.strategy: 0
2020/11/13-21:38:28.863961 70000116b000         Options.compression_opts.max_dict_bytes: 0
2020/11/13-21:38:28.863962 70000116b000         Options.compression_opts.zstd_max_train_bytes: 0
2020/11/13-21:38:28.863962 70000116b000                  Options.compression_opts.enabled: false
2020/11/13-21:38:28.863963 70000116b000      Options.level0_file_num_compaction_trigger: 4
2020/11/13-21:38:28.863964 70000116b000          Options.level0_slowdown_writes_trigger: 20
2020/11/13-21:38:28.863965 70000116b000              Options.level0_stop_writes_trigger: 36
2020/11/13-21:38:28.863966 70000116b000                   Options.target_file_size_base: 67108864
2020/11/13-21:38:28.863967 70000116b000             Options.target_file_size_multiplier: 1
2020/11/13-21:38:28.863968 70000116b000                Options.max_bytes_for_level_base: 268435456
2020/11/13-21:38:28.863969 70000116b000 Options.level_compaction_dynamic_level_bytes: 0
2020/11/13-21:38:28.863970 70000116b000          Options.max_bytes_for_level_multiplier: 10.000000
2020/11/13-21:38:28.863971 70000116b000 Options.max_bytes_for_level_multiplier_addtl[0]: 1
2020/11/13-21:38:28.863972 70000116b000 Options.max_bytes_for_level_multiplier_addtl[1]: 1
2020/11/13-21:38:28.863973 70000116b000 Options.max_bytes_for_level_multiplier_addtl[2]: 1
2020/11/13-21:38:28.863974 70000116b000 Options.max_bytes_for_level_multiplier_addtl[3]: 1
2020/11/13-21:38:28.863975 70000116b000 Options.max_bytes_for_level_multiplier_addtl[4]: 1
2020/11/13-21:38:28.863976 70000116b000 Options.max_bytes_for_level_multiplier_addtl[5]: 1
2020/11/13-21:38:28.863977 70000116b000 Options.max_bytes_for_level_multiplier_addtl[6]: 1
2020/11/13-21:38:28.863977 70000116b000       Options.max_sequential_skip_in_iterations: 8
2020/11/13-21:38:28.863978 70000116b000                    Options.max_compaction_bytes: 1677721600
2020/11/13-21:38:28.863979 70000116b000                        Options.arena_block_size: 8388608
2020/11/13-21:38:28.863980 70000116b000   Options.soft_pending_compaction_bytes_limit: 68719476736
2020/11/13-21:38:28.863981 70000116b000   Options.hard_pending_compaction_bytes_limit: 274877906944
2020/11/13-21:38:28.863982 70000116b000       Options.rate_limit_delay_max_milliseconds: 100
2020/11/13-21:38:28.863983 70000116b000                Options.disable_auto_compactions: 1
2020/11/13-21:38:28.863984 70000116b000                        Options.compaction_style: kCompactionStyleLevel
2020/11/13-21:38:28.863985 70000116b000                          Options.compaction_pri: kMinOverlappingRatio
2020/11/13-21:38:28.863986 70000116b000 Options.compaction_options_universal.size_ratio: 1
2020/11/13-21:38:28.863987 70000116b000 Options.compaction_options_universal.min_merge_width: 2
2020/11/13-21:38:28.863988 70000116b000 Options.compaction_options_universal.max_merge_width: 4294967295
2020/11/13-21:38:28.863989 70000116b000 Options.compaction_options_universal.max_size_amplification_percent: 200
2020/11/13-21:38:28.863990 70000116b000 Options.compaction_options_universal.compression_size_percent: -1
2020/11/13-21:38:28.863991 70000116b000 Options.compaction_options_universal.stop_style: kCompactionStopStyleTotalSize
2020/11/13-21:38:28.863992 70000116b000 Options.compaction_options_fifo.max_table_files_size: 1073741824
2020/11/13-21:38:28.863993 70000116b000 Options.compaction_options_fifo.allow_compaction: 0
2020/11/13-21:38:28.863994 70000116b000                   Options.table_properties_collectors: 
2020/11/13-21:38:28.863995 70000116b000                   Options.inplace_update_support: 0
2020/11/13-21:38:28.863996 70000116b000                 Options.inplace_update_num_locks: 10000
2020/11/13-21:38:28.863997 70000116b000               Options.memtable_prefix_bloom_size_ratio: 0.000000
2020/11/13-21:38:28.863998 70000116b000               Options.memtable_whole_key_filtering: 0
2020/11/13-21:38:28.864012 70000116b000   Options.memtable_huge_page_size: 0
2020/11/13-21:38:28.864013 70000116b000                           Options.bloom_locality: 0
2020/11/13-21:38:28.864014 70000116b000                    Options.max_successive_merges: 0
2020/11/13-21:38:28.864015 70000116b000                Options.optimize_filters_for_hits: 0
2020/11/13-21:38:28.864016 70000116b000                Options.paranoid_file_checks: 0
2020/11/13-21:38:28.864017 70000116b000                Options.force_consistency_checks: 0
2020/11/13-21:38:28.864018 70000116b000                Options.report_bg_io_stats: 0
2020/11/13-21:38:28.864018 70000116b000                               Options.ttl: 2592000
2020/11/13-21:38:28.864019 70000116b000          Options.periodic_compaction_seconds: 0
2020/11/13-21:38:28.864088 70000116b000 [lumn_family.cc:552] --------------- Options for column family []:
2020/11/13-21:38:28.864090 70000116b000               Options.comparator: leveldb.BytewiseComparator
2020/11/13-21:38:28.864091 70000116b000           Options.merge_operator: None
2020/11/13-21:38:28.864092 70000116b000        Options.compaction_filter: None
2020/11/13-21:38:28.864093 70000116b000        Options.compaction_filter_factory: None
2020/11/13-21:38:28.864094 70000116b000         Options.memtable_factory: SkipListFactory
2020/11/13-21:38:28.864094 70000116b000            Options.table_factory: BlockBasedTable
2020/11/13-21:38:28.864109 70000116b000            table_factory options:   flush_block_policy_factory: FlushBlockBySizePolicyFactory (0x7fade423a9e0)
  cache_index_and_filter_blocks: 0
  cache_index_and_filter_blocks_with_high_priority: 1
  pin_l0_filter_and_index_blocks_in_cache: 0
  pin_top_level_index_and_filter: 1
  index_type: 0
  data_block_index_type: 0
  index_shortening: 1
  data_block_hash_table_util_ratio: 0.750000
  hash_index_allow_collision: 1
  checksum: 1
  no_block_cache: 0
  block_cache: 0x7fade423aa28
  block_cache_name: LRUCache
  block_cache_options:
    capacity : 8388608
    num_shard_bits : 4
    strict_capacity_limit : 0
    memory_allocator : None
    high_pri_pool_ratio: 0.000
  block_cache_compressed: 0x0
  persistent_cache: 0x0
  block_size: 4096
  block_size_deviation: 10
  block_restart_interval: 16
  index_block_restart_interval: 1
  metadata_block_size: 4096
  partition_filters: 0
  use_delta_encoding: 1
  filter_policy: nullptr
  whole_key_filtering: 1
  verify_compression: 0
  read_amp_bytes_per_bit: 0
  format_version: 2
  enable_index_compression: 1
  block_align: 0
2020/11/13-21:38:28.864111 70000116b000        Options.write_buffer_size: 67108864
2020/11/13-21:38:28.864112 70000116b000  Options.max_write_buffer_number: 2
2020/11/13-21:38:28.864113 70000116b000          Options.compression: Snappy
2020/11/13-21:38:28.864114 70000116b000                  Options.bottommost_compression: Disabled
2020/11/13-21:38:28.864114 70000116b000       Options.prefix_extractor: nullptr
2020/11/13-21:38:28.864115 70000116b000   Options.memtable_insert_with_hint_prefix_extractor: nullptr
2020/11/13-21:38:28.864116 70000116b000             Options.num_levels: 7
2020/11/13-21:38:28.864117 70000116b000        Options.min_write_buffer_number_to_merge: 1
2020/11/13-21:38:28.864118 70000116b000     Options.max_write_buffer_number_to_maintain: 0
2020/11/13-21:38:28.864119 70000116b000     Options.max_write_buffer_size_to_maintain: 134217728
2020/11/13-21:38:28.864120 70000116b000            Options.bottommost_compression_opts.window_bits: -14
2020/11/13-21:38:28.864121 70000116b000                  Options.bottommost_compression_opts.level: 32767
2020/11/13-21:38:28.864122 70000116b000               Options.bottommost_compression_opts.strategy: 0
2020/11/13-21:38:28.864123 70000116b000         Options.bottommost_compression_opts.max_dict_bytes: 0
2020/11/13-21:38:28.864124 70000116b000         Options.bottommost_compression_opts.zstd_max_train_bytes: 0
2020/11/13-21:38:28.864125 70000116b000                  Options.bottommost_compression_opts.enabled: false
2020/11/13-21:38:28.864142 70000116b000            Options.compression_opts.window_bits: -14
2020/11/13-21:38:28.864144 70000116b000                  Options.compression_opts.level: 32767
2020/11/13-21:38:28.864145 70000116b000               Options.compression_opts.strategy: 0
2020/11/13-21:38:28.864146 70000116b000         Options.compression_opts.max_dict_bytes: 0
2020/11/13-21:38:28.864147 70000116b000         Options.compression_opts.zstd_max_train_bytes: 0
2020/11/13-21:38:28.864148 70000116b000                  Options.compression_opts.enabled: false
2020/11/13-21:38:28.864149 70000116b000      Options.level0_file_num_compaction_trigger: 4
2020/11/13-21:38:28.864150 70000116b000          Options.level0_slowdown_writes_trigger: 20
2020/11/13-21:38:28.864151 70000116b000              Options.level0_stop_writes_trigger: 36
2020/11/13-21:38:28.864152 70000116b000                   Options.target_file_size_base: 67108864
2020/11/13-21:38:28.864153 70000116b000             Options.target_file_size_multiplier: 1
2020/11/13-21:38:28.864154 70000116b000                Options.max_bytes_for_level_base: 268435456
2020/11/13-21:38:28.864155 70000116b000 Options.level_compaction_dynamic_level_bytes: 0
2020/11/13-21:38:28.864156 70000116b000          Options.max_bytes_for_level_multiplier: 10.000000
2020/11/13-21:38:28.864157 70000116b000 Options.max_bytes_for_level_multiplier_addtl[0]: 1
2020/11/13-21:38:28.864158 70000116b000 Options.max_bytes_for_level_multiplier_addtl[1]: 1
2020/11/13-21:38:28.864159 70000116b000 Options.max_bytes_for_level_multiplier_addtl[2]: 1
2020/11/13-21:38:28.864160 70000116b000 Options.max_bytes_for_level_multiplier_addtl[3]: 1
2020/11/13-21:38:28.864161 70000116b000 Options.max_bytes_for_level_multiplier_addtl[4]: 1
2020/11/13-21:38:28.864162 70000116b000 Options.max_bytes_for_level_multiplier_addtl[5]: 1
2020/11/13-21:38:28.864163 70000116b000 Options.max_bytes_for_level_multiplier_addtl[6]: 1
2020/11/13-21:38:28.864164 70000116b000       Options.max_sequential_skip_in_iterations: 8
2020/11/13-21:38:28.864165 70000116b000                    Options.max_compaction_bytes: 1677721600
2020/11/13-21:38:28.864166 70000116b000                        Options.arena_block_size: 8388608
2020/11/13-21:38:28.864167 70000116b000   Options.soft_pending_compaction_bytes_limit: 68719476736
2020/11/13-21:38:28.864168 70000116b000   Options.hard_pending_compaction_bytes_limit: 274877906944
2020/11/13-21:38:28.864169 70000116b000       Options.rate_limit_delay_max_milliseconds: 100
2020/11/13-21:38:28.864170 70000116b000                Options.disable_auto_compactions: 1
2020/11/13-21:38:28.864171 70000116b000                        Options.compaction_style: kCompactionStyleLevel
2020/11/13-21:38:28.864172 70000116b000                          Options.compaction_pri: kMinOverlappingRatio
2020/11/13-21:38:28.864173 70000116b000 Options.compaction_options_universal.size_ratio: 1
2020/11/13-21:38:28.864174 70000116b000 Options.compaction_options_universal.min_merge_width: 2
2020/11/13-21:38:28.864175 70000116b000 Options.compaction_options_universal.max_merge_width: 4294967295
2020/11/13-21:38:28.864176 70000116b000 Options.compaction_options_universal.max_size_amplification_percent: 200
2020/11/13-21:38:28.864177 70000116b000 Options.compaction_options_universal.compression_size_percent: -1
2020/11/13-21:38:28.864178 70000116b000 Options.compaction_options_universal.stop_style: kCompactionStopStyleTotalSize
2020/11/13-21:38:28.864179 70000116b000 Options.compaction_options_fifo.max_table_files_size: 1073741824
2020/11/13-21:38:28.864180 70000116b000 Options.compaction_options_fifo.allow_compaction: 0
2020/11/13-21:38:28.864181 70000116b000                   Options.table_properties_collectors: 
2020/11/13-21:38:28.864182 70000116b000                   Options.inplace_update_support: 0
2020/11/13-21:38:28.864183 70000116b000                 Options.inplace_update_num_locks: 10000
2020/11/13-21:38:28.864184 70000116b000               Options.memtable_prefix_bloom_size_ratio: 0.000000
2020/11/13-21:38:28.864185 70000116b000               Options.memtable_whole_key_filtering: 0
2020/11/13-21:38:28.864199 70000116b000   Options.memtable_huge_page_size: 0
2020/11/13-21:38:28.864200 70000116b000                           Options.bloom_locality: 0
2020/11/13-21:38:28.864201 70000116b000                    Options.max_successive_merges: 0
2020/11/13-21:38:28.864202 70000116b000                Options.optimize_filters_for_hits: 0
2020/11/13-21:38:28.864203 70000116b000                Options.paranoid_file_checks: 0
2020/11/13-21:38:28.864204 70000116b000                Options.force_consistency_checks: 0
2020/11/13-21:38:28.864205 70000116b000                Options.report_bg_io_stats: 0
2020/11/13-21:38:28.864206 70000116b000                               Options.ttl: 2592000
2020/11/13-21:38:28.864207 70000116b000          Options.periodic_compaction_seconds: 0
2020/11/13-21:38:28.864248 70000116b000 [lumn_family.cc:552] --------------- Options for column family []:
2020/11/13-21:38:28.864250 70000116b000               Options.comparator: leveldb.BytewiseComparator
2020/11/13-21:38:28.864251 70000116b000           Options.merge_operator: None
2020/11/13-21:38:28.864252 70000116b000        Options.compaction_filter: None
2020/11/13-21:38:28.864253 70000116b000        Options.compaction_filter_factory: None
2020/11/13-21:38:28.864254 70000116b000         Options.memtable_factory: SkipListFactory
2020/11/13-21:38:28.864255 70000116b000            Options.table_factory: BlockBasedTable
2020/11/13-21:38:28.864268 70000116b000            table_factory options:   flush_block_policy_factory: FlushBlockBySizePolicyFactory (0x7fade423b770)
  cache_index_and_filter_blocks: 0
  cache_index_and_filter_blocks_with_high_priority: 1
  pin_l0_filter_and_index_blocks_in_cache: 0
  pin_top_level_index_and_filter: 1
  index_type: 0
  data_block_index_type: 0
  index_shortening: 1
  data_block_hash_table_util_ratio: 0.750000
  hash_index_allow_collision: 1
  checksum: 1
  no_block_cache: 0
  block_cache: 0x7fade423b7b8
  block_cache_name: LRUCache
  block_cache_options:
    capacity : 8388608
    num_shard_bits : 4
    strict_capacity_limit : 0
    memory_allocator : None
    high_pri_pool_ratio: 0.000
  block_cache_compressed: 0x0
  persistent_cache: 0x0
  block_size: 4096
  block_size_deviation: 10
  block_restart_interval: 16
  index_block_restart_interval: 1
  metadata_block_size: 4096
  partition_filters: 0
  use_delta_encoding: 1
  filter_policy: nullptr
  whole_key_filtering: 1
  verify_compression: 0
  read_amp_bytes_per_bit: 0
  format_version: 2
  enable_index_compression: 1
  block_align: 0
2020/11/13-21:38:28.864270 70000116b000        Options.write_buffer_size: 67108864
2020/11/13-21:38:28.864271 70000116b000  Options.max_write_buffer_number: 2
2020/11/13-21:38:28.864272 70000116b000          Options.compression: Snappy
2020/11/13-21:38:28.864273 70000116b000                  Options.bottommost_compression: Disabled
2020/11/13-21:38:28.864274 70000116b000       Options.prefix_extractor: nullptr
2020/11/13-21:38:28.864275 70000116b000   Options.memtable_insert_with_hint_prefix_extractor: nullptr
2020/11/13-21:38:28.864276 70000116b000             Options.num_levels: 7
2020/11/13-21:38:28.864277 70000116b000        Options.min_write_buffer_number_to_merge: 1
2020/11/13-21:38:28.864278 70000116b000     Options.max_write_buffer_number_to_maintain: 0
2020/11/13-21:38:28.864279 70000116b000     Options.max_write_buffer_size_to_maintain: 134217728
2020/11/13-21:38:28.864280 70000116b000            Options.bottommost_compression_opts.window_bits: -14
2020/11/13-21:38:28.864281 70000116b000                  Options.bottommost_compression_opts.level: 32767
2020/11/13-21:38:28.864282 70000116b000               Options.bottommost_compression_opts.strategy: 0
2020/11/13-21:38:28.864282 70000116b000         Options.bottommost_compression_opts.max_dict_bytes: 0
2020/11/13-21:38:28.864283 70000116b000         Options.bottommost_compression_opts.zstd_max_train_bytes: 0
2020/11/13-21:38:28.864284 70000116b000                  Options.bottommost_compression_opts.enabled: false
2020/11/13-21:38:28.864301 70000116b000            Options.compression_opts.window_bits: -14
2020/11/13-21:38:28.864303 70000116b000                  Options.compression_opts.level: 32767
2020/11/13-21:38:28.864304 70000116b000               Options.compression_opts.strategy: 0
2020/11/13-21:38:28.864305 70000116b000         Options.compression_opts.max_dict_bytes: 0
2020/11/13-21:38:28.864305 70000116b000         Options.compression_opts.zstd_max_train_bytes: 0
2020/11/13-21:38:28.864306 70000116b000                  Options.compression_opts.enabled: false
2020/11/13-21:38:28.864307 70000116b000      Options.level0_file_num_compaction_trigger: 4
2020/11/13-21:38:28.864308 70000116b000          Options.level0_slowdown_writes_trigger: 20
2020/11/13-21:38:28.864309 70000116b000              Options.level0_stop_writes_trigger: 36
2020/11/13-21:38:28.864310 70000116b000                   Options.target_file_size_base: 67108864
2020/11/13-21:38:28.864311 70000116b000             Options.target_file_size_multiplier: 1
2020/11/13-21:38:28.864312 70000116b000                Options.max_bytes_for_level_base: 268435456
2020/11/13-21:38:28.864313 70000116b000 Options.level_compaction_dynamic_level_bytes: 0
2020/11/13-21:38:28.864314 70000116b000          Options.max_bytes_for_level_multiplier: 10.000000
2020/11/13-21:38:28.864315 70000116b000 Options.max_bytes_for_level_multiplier_addtl[0]: 1
2020/11/13-21:38:28.864316 70000116b000 Options.max_bytes_for_level_multiplier_addtl[1]: 1
2020/11/13-21:38:28.864317 70000116b000 Options.max_bytes_for_level_multiplier_addtl[2]: 1
2020/11/13-21:38:28.864318 70000116b000 Options.max_bytes_for_level_multiplier_addtl[3]: 1
2020/11/13-21:38:28.864319 70000116b000 Options.max_bytes_for_level_multiplier_addtl[4]: 1
2020/11/13-21:38:28.864320 70000116b000 Options.max_bytes_for_level_multiplier_addtl[5]: 1
2020/11/13-21:38:28.864320 70000116b000 Options.max_bytes_for_level_multiplier_addtl[6]: 1
2020/11/13-21:38:28.864321 70000116b000       Options.max_sequential_skip_in_iterations: 8
2020/11/13-21:38:28.864322 70000116b000                    Options.max_compaction_bytes: 1677721600
2020/11/13-21:38:28.864323 70000116b000                        Options.arena_block_size: 8388608
2020/11/13-21:38:28.864324 70000116b000   Options.soft_pending_compaction_bytes_limit: 68719476736
2020/11/13-21:38:28.864325 70000116b000   Options.hard_pending_compaction_bytes_limit: 274877906944
2020/11/13-21:38:28.864326 70000116b000       Options.rate_limit_delay_max_milliseconds: 100
2020/11/13-21:38:28.864327 70000116b000                Options.disable_auto_compactions: 1
2020/11/13-21:38:28.864328 70000116b000                        Options.compaction_style: kCompactionStyleLevel
2020/11/13-21:38:28.864329 70000116b000                          Options.compaction_pri: kMinOverlappingRatio
2020/11/13-21:38:28.864330 70000116b000 Options.compaction_options_universal.size_ratio: 1
2020/11/13-21:38:28.864331 70000116b000 Options.compaction_options_universal.min_merge_width: 2
