2020/11/13-21:42:23.293654 7000004ba000 RocksDB version: 6.8.1
2020/11/13-21:42:23.293707 7000004ba000 Git sha rocksdb_build_git_sha:27e593fbe10efa5a562ca79b1939ffb69d25163f
2020/11/13-21:42:23.293709 7000004ba000 Compile date Apr 26 2020
2020/11/13-21:42:23.293710 7000004ba000 DB SUMMARY
2020/11/13-21:42:23.293816 7000004ba000 CURRENT file:  CURRENT
2020/11/13-21:42:23.293818 7000004ba000 IDENTITY file:  IDENTITY
2020/11/13-21:42:23.293825 7000004ba000 MANIFEST file:  MANIFEST-000097 size: 1045 Bytes
2020/11/13-21:42:23.293827 7000004ba000 SST files in /Users/akanit/NissanCool/ProjectCE_coin/testBlockchain/testTruffle/PrivateBlockchain/node2/data/database dir, Total Num: 5, files: 000028.sst 000045.sst 000062.sst 000087.sst 000096.sst 
2020/11/13-21:42:23.293828 7000004ba000 Write Ahead Log file in /Users/akanit/NissanCool/ProjectCE_coin/testBlockchain/testTruffle/PrivateBlockchain/node2/data/database: 000003.log size: 480892 ; 000031.log size: 1731324 ; 000048.log size: 2541004 ; 000065.log size: 629 ; 000081.log size: 629 ; 000098.log size: 629 ; 
2020/11/13-21:42:23.293830 7000004ba000                         Options.error_if_exists: 0
2020/11/13-21:42:23.293833 7000004ba000                       Options.create_if_missing: 1
2020/11/13-21:42:23.293834 7000004ba000                         Options.paranoid_checks: 1
2020/11/13-21:42:23.293835 7000004ba000                                     Options.env: 0x12f218a48
2020/11/13-21:42:23.293836 7000004ba000                                      Options.fs: Posix File System
2020/11/13-21:42:23.293837 7000004ba000                                Options.info_log: 0x7fc07deb0e30
2020/11/13-21:42:23.293838 7000004ba000                Options.max_file_opening_threads: 16
2020/11/13-21:42:23.293838 7000004ba000                              Options.statistics: 0x7fc07cd16bf0
2020/11/13-21:42:23.293839 7000004ba000                               Options.use_fsync: 0
2020/11/13-21:42:23.293840 7000004ba000                       Options.max_log_file_size: 0
2020/11/13-21:42:23.293841 7000004ba000                  Options.max_manifest_file_size: 1073741824
2020/11/13-21:42:23.293842 7000004ba000                   Options.log_file_time_to_roll: 0
2020/11/13-21:42:23.293842 7000004ba000                       Options.keep_log_file_num: 1000
2020/11/13-21:42:23.293843 7000004ba000                    Options.recycle_log_file_num: 0
2020/11/13-21:42:23.293844 7000004ba000                         Options.allow_fallocate: 1
2020/11/13-21:42:23.293845 7000004ba000                        Options.allow_mmap_reads: 0
2020/11/13-21:42:23.293845 7000004ba000                       Options.allow_mmap_writes: 0
2020/11/13-21:42:23.293846 7000004ba000                        Options.use_direct_reads: 0
2020/11/13-21:42:23.293847 7000004ba000                        Options.use_direct_io_for_flush_and_compaction: 0
2020/11/13-21:42:23.293848 7000004ba000          Options.create_missing_column_families: 1
2020/11/13-21:42:23.293849 7000004ba000                              Options.db_log_dir: 
2020/11/13-21:42:23.293849 7000004ba000                                 Options.wal_dir: /Users/akanit/NissanCool/ProjectCE_coin/testBlockchain/testTruffle/PrivateBlockchain/node2/data/database
2020/11/13-21:42:23.293850 7000004ba000                Options.table_cache_numshardbits: 6
2020/11/13-21:42:23.293851 7000004ba000                      Options.max_subcompactions: 1
2020/11/13-21:42:23.293852 7000004ba000                  Options.max_background_flushes: -1
2020/11/13-21:42:23.293853 7000004ba000                         Options.WAL_ttl_seconds: 0
2020/11/13-21:42:23.293853 7000004ba000                       Options.WAL_size_limit_MB: 0
2020/11/13-21:42:23.293854 7000004ba000                        Options.max_write_batch_group_size_bytes: 1048576
2020/11/13-21:42:23.293855 7000004ba000             Options.manifest_preallocation_size: 4194304
2020/11/13-21:42:23.293856 7000004ba000                     Options.is_fd_close_on_exec: 1
2020/11/13-21:42:23.293856 7000004ba000                   Options.advise_random_on_open: 1
2020/11/13-21:42:23.293857 7000004ba000                    Options.db_write_buffer_size: 0
2020/11/13-21:42:23.293889 7000004ba000                    Options.write_buffer_manager: 0x7fc07deb11d0
2020/11/13-21:42:23.293890 7000004ba000         Options.access_hint_on_compaction_start: 1
2020/11/13-21:42:23.293891 7000004ba000  Options.new_table_reader_for_compaction_inputs: 0
2020/11/13-21:42:23.293892 7000004ba000           Options.random_access_max_buffer_size: 1048576
2020/11/13-21:42:23.293892 7000004ba000                      Options.use_adaptive_mutex: 0
2020/11/13-21:42:23.293893 7000004ba000                            Options.rate_limiter: 0x0
2020/11/13-21:42:23.293896 7000004ba000     Options.sst_file_manager.rate_bytes_per_sec: 0
2020/11/13-21:42:23.293897 7000004ba000                       Options.wal_recovery_mode: 2
2020/11/13-21:42:23.293898 7000004ba000                  Options.enable_thread_tracking: 0
2020/11/13-21:42:23.293898 7000004ba000                  Options.enable_pipelined_write: 0
2020/11/13-21:42:23.293899 7000004ba000                  Options.unordered_write: 0
2020/11/13-21:42:23.293900 7000004ba000         Options.allow_concurrent_memtable_write: 1
2020/11/13-21:42:23.293901 7000004ba000      Options.enable_write_thread_adaptive_yield: 1
2020/11/13-21:42:23.293901 7000004ba000             Options.write_thread_max_yield_usec: 100
2020/11/13-21:42:23.293902 7000004ba000            Options.write_thread_slow_yield_usec: 3
2020/11/13-21:42:23.293903 7000004ba000                               Options.row_cache: None
2020/11/13-21:42:23.293904 7000004ba000                              Options.wal_filter: None
2020/11/13-21:42:23.293905 7000004ba000             Options.avoid_flush_during_recovery: 0
2020/11/13-21:42:23.293905 7000004ba000             Options.allow_ingest_behind: 0
2020/11/13-21:42:23.293906 7000004ba000             Options.preserve_deletes: 0
2020/11/13-21:42:23.293907 7000004ba000             Options.two_write_queues: 0
2020/11/13-21:42:23.293908 7000004ba000             Options.manual_wal_flush: 0
2020/11/13-21:42:23.293908 7000004ba000             Options.atomic_flush: 0
2020/11/13-21:42:23.293909 7000004ba000             Options.avoid_unnecessary_blocking_io: 0
2020/11/13-21:42:23.293910 7000004ba000                 Options.persist_stats_to_disk: 0
2020/11/13-21:42:23.293911 7000004ba000                 Options.write_dbid_to_manifest: 0
2020/11/13-21:42:23.293912 7000004ba000                 Options.log_readahead_size: 0
2020/11/13-21:42:23.293912 7000004ba000                 Options.sst_file_checksum_func: Unknown
2020/11/13-21:42:23.293913 7000004ba000             Options.max_background_jobs: 2
2020/11/13-21:42:23.293914 7000004ba000             Options.max_background_compactions: 4
2020/11/13-21:42:23.293915 7000004ba000             Options.avoid_flush_during_shutdown: 0
2020/11/13-21:42:23.293916 7000004ba000           Options.writable_file_max_buffer_size: 1048576
2020/11/13-21:42:23.293916 7000004ba000             Options.delayed_write_rate : 16777216
2020/11/13-21:42:23.293917 7000004ba000             Options.max_total_wal_size: 0
2020/11/13-21:42:23.293918 7000004ba000             Options.delete_obsolete_files_period_micros: 21600000000
2020/11/13-21:42:23.293919 7000004ba000                   Options.stats_dump_period_sec: 600
2020/11/13-21:42:23.293920 7000004ba000                 Options.stats_persist_period_sec: 600
2020/11/13-21:42:23.293921 7000004ba000                 Options.stats_history_buffer_size: 1048576
2020/11/13-21:42:23.293921 7000004ba000                          Options.max_open_files: 1024
2020/11/13-21:42:23.293922 7000004ba000                          Options.bytes_per_sync: 0
2020/11/13-21:42:23.293923 7000004ba000                      Options.wal_bytes_per_sync: 0
2020/11/13-21:42:23.293925 7000004ba000                   Options.strict_bytes_per_sync: 0
2020/11/13-21:42:23.293926 7000004ba000       Options.compaction_readahead_size: 0
2020/11/13-21:42:23.293927 7000004ba000 Compression algorithms supported:
2020/11/13-21:42:23.293929 7000004ba000 	kZSTD supported: 1
2020/11/13-21:42:23.293930 7000004ba000 	kZlibCompression supported: 1
2020/11/13-21:42:23.293944 7000004ba000 	kXpressCompression supported: 0
2020/11/13-21:42:23.293945 7000004ba000 	kSnappyCompression supported: 1
2020/11/13-21:42:23.293946 7000004ba000 	kZSTDNotFinalCompression supported: 1
2020/11/13-21:42:23.293947 7000004ba000 	kLZ4HCCompression supported: 1
2020/11/13-21:42:23.293947 7000004ba000 	kLZ4Compression supported: 1
2020/11/13-21:42:23.293948 7000004ba000 	kBZip2Compression supported: 1
2020/11/13-21:42:23.293953 7000004ba000 Fast CRC32 supported: Not supported on x86
2020/11/13-21:42:23.294404 7000004ba000 [rsion_set.cc:4413] Recovering from manifest file: /Users/akanit/NissanCool/ProjectCE_coin/testBlockchain/testTruffle/PrivateBlockchain/node2/data/database/MANIFEST-000097
2020/11/13-21:42:23.294487 7000004ba000 [lumn_family.cc:552] --------------- Options for column family [default]:
2020/11/13-21:42:23.294490 7000004ba000               Options.comparator: leveldb.BytewiseComparator
2020/11/13-21:42:23.294492 7000004ba000           Options.merge_operator: None
2020/11/13-21:42:23.294493 7000004ba000        Options.compaction_filter: None
2020/11/13-21:42:23.294495 7000004ba000        Options.compaction_filter_factory: None
2020/11/13-21:42:23.294496 7000004ba000         Options.memtable_factory: SkipListFactory
2020/11/13-21:42:23.294497 7000004ba000            Options.table_factory: BlockBasedTable
2020/11/13-21:42:23.294521 7000004ba000            table_factory options:   flush_block_policy_factory: FlushBlockBySizePolicyFactory (0x7fc07dbc5c70)
  cache_index_and_filter_blocks: 0
  cache_index_and_filter_blocks_with_high_priority: 0
  pin_l0_filter_and_index_blocks_in_cache: 0
  pin_top_level_index_and_filter: 1
  index_type: 0
  data_block_index_type: 0
  index_shortening: 1
  data_block_hash_table_util_ratio: 0.750000
  hash_index_allow_collision: 1
  checksum: 1
  no_block_cache: 0
  block_cache: 0x7fc07dbc53d8
  block_cache_name: LRUCache
  block_cache_options:
    capacity : 8388608
    num_shard_bits : 4
    strict_capacity_limit : 0
    memory_allocator : None
    high_pri_pool_ratio: 0.000
  block_cache_compressed: 0x0
  persistent_cache: 0x0
  block_size: 4096
  block_size_deviation: 10
  block_restart_interval: 16
  index_block_restart_interval: 1
  metadata_block_size: 4096
  partition_filters: 0
  use_delta_encoding: 1
  filter_policy: nullptr
  whole_key_filtering: 1
  verify_compression: 1
  read_amp_bytes_per_bit: 0
  format_version: 2
  enable_index_compression: 1
  block_align: 0
2020/11/13-21:42:23.294525 7000004ba000        Options.write_buffer_size: 67108864
2020/11/13-21:42:23.294526 7000004ba000  Options.max_write_buffer_number: 2
2020/11/13-21:42:23.294528 7000004ba000          Options.compression: Snappy
2020/11/13-21:42:23.294529 7000004ba000                  Options.bottommost_compression: Disabled
2020/11/13-21:42:23.294531 7000004ba000       Options.prefix_extractor: nullptr
2020/11/13-21:42:23.294532 7000004ba000   Options.memtable_insert_with_hint_prefix_extractor: nullptr
2020/11/13-21:42:23.294533 7000004ba000             Options.num_levels: 7
2020/11/13-21:42:23.294534 7000004ba000        Options.min_write_buffer_number_to_merge: 1
2020/11/13-21:42:23.294536 7000004ba000     Options.max_write_buffer_number_to_maintain: 0
2020/11/13-21:42:23.294537 7000004ba000     Options.max_write_buffer_size_to_maintain: 134217728
2020/11/13-21:42:23.294538 7000004ba000            Options.bottommost_compression_opts.window_bits: -14
2020/11/13-21:42:23.294540 7000004ba000                  Options.bottommost_compression_opts.level: 32767
2020/11/13-21:42:23.294541 7000004ba000               Options.bottommost_compression_opts.strategy: 0
2020/11/13-21:42:23.294542 7000004ba000         Options.bottommost_compression_opts.max_dict_bytes: 0
2020/11/13-21:42:23.294544 7000004ba000         Options.bottommost_compression_opts.zstd_max_train_bytes: 0
2020/11/13-21:42:23.294545 7000004ba000                  Options.bottommost_compression_opts.enabled: false
2020/11/13-21:42:23.294547 7000004ba000            Options.compression_opts.window_bits: -14
2020/11/13-21:42:23.294581 7000004ba000                  Options.compression_opts.level: 32767
2020/11/13-21:42:23.294583 7000004ba000               Options.compression_opts.strategy: 0
2020/11/13-21:42:23.294585 7000004ba000         Options.compression_opts.max_dict_bytes: 0
2020/11/13-21:42:23.294586 7000004ba000         Options.compression_opts.zstd_max_train_bytes: 0
2020/11/13-21:42:23.294587 7000004ba000                  Options.compression_opts.enabled: false
2020/11/13-21:42:23.294589 7000004ba000      Options.level0_file_num_compaction_trigger: 4
2020/11/13-21:42:23.294593 7000004ba000          Options.level0_slowdown_writes_trigger: 20
2020/11/13-21:42:23.294594 7000004ba000              Options.level0_stop_writes_trigger: 36
2020/11/13-21:42:23.294595 7000004ba000                   Options.target_file_size_base: 67108864
2020/11/13-21:42:23.294597 7000004ba000             Options.target_file_size_multiplier: 1
2020/11/13-21:42:23.294598 7000004ba000                Options.max_bytes_for_level_base: 268435456
2020/11/13-21:42:23.294600 7000004ba000 Options.level_compaction_dynamic_level_bytes: 0
2020/11/13-21:42:23.294601 7000004ba000          Options.max_bytes_for_level_multiplier: 10.000000
2020/11/13-21:42:23.294603 7000004ba000 Options.max_bytes_for_level_multiplier_addtl[0]: 1
2020/11/13-21:42:23.294605 7000004ba000 Options.max_bytes_for_level_multiplier_addtl[1]: 1
2020/11/13-21:42:23.294606 7000004ba000 Options.max_bytes_for_level_multiplier_addtl[2]: 1
2020/11/13-21:42:23.294608 7000004ba000 Options.max_bytes_for_level_multiplier_addtl[3]: 1
2020/11/13-21:42:23.294609 7000004ba000 Options.max_bytes_for_level_multiplier_addtl[4]: 1
2020/11/13-21:42:23.294611 7000004ba000 Options.max_bytes_for_level_multiplier_addtl[5]: 1
2020/11/13-21:42:23.294612 7000004ba000 Options.max_bytes_for_level_multiplier_addtl[6]: 1
2020/11/13-21:42:23.294613 7000004ba000       Options.max_sequential_skip_in_iterations: 8
2020/11/13-21:42:23.294615 7000004ba000                    Options.max_compaction_bytes: 1677721600
2020/11/13-21:42:23.294616 7000004ba000                        Options.arena_block_size: 8388608
2020/11/13-21:42:23.294618 7000004ba000   Options.soft_pending_compaction_bytes_limit: 68719476736
2020/11/13-21:42:23.294619 7000004ba000   Options.hard_pending_compaction_bytes_limit: 274877906944
2020/11/13-21:42:23.294621 7000004ba000       Options.rate_limit_delay_max_milliseconds: 100
2020/11/13-21:42:23.294622 7000004ba000                Options.disable_auto_compactions: 1
2020/11/13-21:42:23.294624 7000004ba000                        Options.compaction_style: kCompactionStyleLevel
2020/11/13-21:42:23.294626 7000004ba000                          Options.compaction_pri: kMinOverlappingRatio
2020/11/13-21:42:23.294628 7000004ba000 Options.compaction_options_universal.size_ratio: 1
2020/11/13-21:42:23.294629 7000004ba000 Options.compaction_options_universal.min_merge_width: 2
2020/11/13-21:42:23.294630 7000004ba000 Options.compaction_options_universal.max_merge_width: 4294967295
2020/11/13-21:42:23.294632 7000004ba000 Options.compaction_options_universal.max_size_amplification_percent: 200
2020/11/13-21:42:23.294633 7000004ba000 Options.compaction_options_universal.compression_size_percent: -1
2020/11/13-21:42:23.294635 7000004ba000 Options.compaction_options_universal.stop_style: kCompactionStopStyleTotalSize
2020/11/13-21:42:23.294636 7000004ba000 Options.compaction_options_fifo.max_table_files_size: 1073741824
2020/11/13-21:42:23.294638 7000004ba000 Options.compaction_options_fifo.allow_compaction: 0
2020/11/13-21:42:23.294639 7000004ba000                   Options.table_properties_collectors: 
2020/11/13-21:42:23.294641 7000004ba000                   Options.inplace_update_support: 0
2020/11/13-21:42:23.294642 7000004ba000                 Options.inplace_update_num_locks: 10000
2020/11/13-21:42:23.294644 7000004ba000               Options.memtable_prefix_bloom_size_ratio: 0.000000
2020/11/13-21:42:23.294646 7000004ba000               Options.memtable_whole_key_filtering: 0
2020/11/13-21:42:23.294647 7000004ba000   Options.memtable_huge_page_size: 0
2020/11/13-21:42:23.294672 7000004ba000                           Options.bloom_locality: 0
2020/11/13-21:42:23.294673 7000004ba000                    Options.max_successive_merges: 0
2020/11/13-21:42:23.294675 7000004ba000                Options.optimize_filters_for_hits: 0
2020/11/13-21:42:23.294676 7000004ba000                Options.paranoid_file_checks: 0
2020/11/13-21:42:23.294677 7000004ba000                Options.force_consistency_checks: 0
2020/11/13-21:42:23.294678 7000004ba000                Options.report_bg_io_stats: 0
2020/11/13-21:42:23.294680 7000004ba000                               Options.ttl: 2592000
2020/11/13-21:42:23.294681 7000004ba000          Options.periodic_compaction_seconds: 0
2020/11/13-21:42:23.295002 7000004ba000 [lumn_family.cc:552] --------------- Options for column family []:
2020/11/13-21:42:23.295007 7000004ba000               Options.comparator: leveldb.BytewiseComparator
2020/11/13-21:42:23.295008 7000004ba000           Options.merge_operator: None
2020/11/13-21:42:23.295010 7000004ba000        Options.compaction_filter: None
2020/11/13-21:42:23.295011 7000004ba000        Options.compaction_filter_factory: None
2020/11/13-21:42:23.295013 7000004ba000         Options.memtable_factory: SkipListFactory
2020/11/13-21:42:23.295014 7000004ba000            Options.table_factory: BlockBasedTable
2020/11/13-21:42:23.295031 7000004ba000            table_factory options:   flush_block_policy_factory: FlushBlockBySizePolicyFactory (0x7fc07dbbf790)
  cache_index_and_filter_blocks: 0
  cache_index_and_filter_blocks_with_high_priority: 1
  pin_l0_filter_and_index_blocks_in_cache: 0
  pin_top_level_index_and_filter: 1
  index_type: 0
  data_block_index_type: 0
  index_shortening: 1
  data_block_hash_table_util_ratio: 0.750000
  hash_index_allow_collision: 1
  checksum: 1
  no_block_cache: 0
  block_cache: 0x7fc07dbc0268
  block_cache_name: LRUCache
  block_cache_options:
    capacity : 8388608
    num_shard_bits : 4
    strict_capacity_limit : 0
    memory_allocator : None
    high_pri_pool_ratio: 0.000
  block_cache_compressed: 0x0
  persistent_cache: 0x0
  block_size: 4096
  block_size_deviation: 10
  block_restart_interval: 16
  index_block_restart_interval: 1
  metadata_block_size: 4096
  partition_filters: 0
  use_delta_encoding: 1
  filter_policy: nullptr
  whole_key_filtering: 1
  verify_compression: 0
  read_amp_bytes_per_bit: 0
  format_version: 2
  enable_index_compression: 1
  block_align: 0
2020/11/13-21:42:23.295035 7000004ba000        Options.write_buffer_size: 67108864
2020/11/13-21:42:23.295037 7000004ba000  Options.max_write_buffer_number: 2
2020/11/13-21:42:23.295038 7000004ba000          Options.compression: Snappy
2020/11/13-21:42:23.295039 7000004ba000                  Options.bottommost_compression: Disabled
2020/11/13-21:42:23.295041 7000004ba000       Options.prefix_extractor: nullptr
2020/11/13-21:42:23.295042 7000004ba000   Options.memtable_insert_with_hint_prefix_extractor: nullptr
2020/11/13-21:42:23.295044 7000004ba000             Options.num_levels: 7
2020/11/13-21:42:23.295045 7000004ba000        Options.min_write_buffer_number_to_merge: 1
2020/11/13-21:42:23.295046 7000004ba000     Options.max_write_buffer_number_to_maintain: 0
2020/11/13-21:42:23.295048 7000004ba000     Options.max_write_buffer_size_to_maintain: 134217728
2020/11/13-21:42:23.295049 7000004ba000            Options.bottommost_compression_opts.window_bits: -14
2020/11/13-21:42:23.295051 7000004ba000                  Options.bottommost_compression_opts.level: 32767
2020/11/13-21:42:23.295052 7000004ba000               Options.bottommost_compression_opts.strategy: 0
2020/11/13-21:42:23.295053 7000004ba000         Options.bottommost_compression_opts.max_dict_bytes: 0
2020/11/13-21:42:23.295055 7000004ba000         Options.bottommost_compression_opts.zstd_max_train_bytes: 0
2020/11/13-21:42:23.295056 7000004ba000                  Options.bottommost_compression_opts.enabled: false
2020/11/13-21:42:23.295057 7000004ba000            Options.compression_opts.window_bits: -14
2020/11/13-21:42:23.295087 7000004ba000                  Options.compression_opts.level: 32767
2020/11/13-21:42:23.295090 7000004ba000               Options.compression_opts.strategy: 0
2020/11/13-21:42:23.295091 7000004ba000         Options.compression_opts.max_dict_bytes: 0
2020/11/13-21:42:23.295092 7000004ba000         Options.compression_opts.zstd_max_train_bytes: 0
2020/11/13-21:42:23.295094 7000004ba000                  Options.compression_opts.enabled: false
2020/11/13-21:42:23.295095 7000004ba000      Options.level0_file_num_compaction_trigger: 4
2020/11/13-21:42:23.295097 7000004ba000          Options.level0_slowdown_writes_trigger: 20
2020/11/13-21:42:23.295098 7000004ba000              Options.level0_stop_writes_trigger: 36
2020/11/13-21:42:23.295099 7000004ba000                   Options.target_file_size_base: 67108864
2020/11/13-21:42:23.295101 7000004ba000             Options.target_file_size_multiplier: 1
2020/11/13-21:42:23.295102 7000004ba000                Options.max_bytes_for_level_base: 268435456
2020/11/13-21:42:23.295103 7000004ba000 Options.level_compaction_dynamic_level_bytes: 0
2020/11/13-21:42:23.295105 7000004ba000          Options.max_bytes_for_level_multiplier: 10.000000
2020/11/13-21:42:23.295107 7000004ba000 Options.max_bytes_for_level_multiplier_addtl[0]: 1
2020/11/13-21:42:23.295108 7000004ba000 Options.max_bytes_for_level_multiplier_addtl[1]: 1
2020/11/13-21:42:23.295110 7000004ba000 Options.max_bytes_for_level_multiplier_addtl[2]: 1
2020/11/13-21:42:23.295111 7000004ba000 Options.max_bytes_for_level_multiplier_addtl[3]: 1
2020/11/13-21:42:23.295113 7000004ba000 Options.max_bytes_for_level_multiplier_addtl[4]: 1
2020/11/13-21:42:23.295114 7000004ba000 Options.max_bytes_for_level_multiplier_addtl[5]: 1
2020/11/13-21:42:23.295115 7000004ba000 Options.max_bytes_for_level_multiplier_addtl[6]: 1
2020/11/13-21:42:23.295116 7000004ba000       Options.max_sequential_skip_in_iterations: 8
2020/11/13-21:42:23.295118 7000004ba000                    Options.max_compaction_bytes: 1677721600
2020/11/13-21:42:23.295119 7000004ba000                        Options.arena_block_size: 8388608
2020/11/13-21:42:23.295121 7000004ba000   Options.soft_pending_compaction_bytes_limit: 68719476736
2020/11/13-21:42:23.295122 7000004ba000   Options.hard_pending_compaction_bytes_limit: 274877906944
2020/11/13-21:42:23.295123 7000004ba000       Options.rate_limit_delay_max_milliseconds: 100
2020/11/13-21:42:23.295125 7000004ba000                Options.disable_auto_compactions: 1
2020/11/13-21:42:23.295126 7000004ba000                        Options.compaction_style: kCompactionStyleLevel
2020/11/13-21:42:23.295128 7000004ba000                          Options.compaction_pri: kMinOverlappingRatio
2020/11/13-21:42:23.295129 7000004ba000 Options.compaction_options_universal.size_ratio: 1
2020/11/13-21:42:23.295131 7000004ba000 Options.compaction_options_universal.min_merge_width: 2
2020/11/13-21:42:23.295132 7000004ba000 Options.compaction_options_universal.max_merge_width: 4294967295
2020/11/13-21:42:23.295134 7000004ba000 Options.compaction_options_universal.max_size_amplification_percent: 200
2020/11/13-21:42:23.295135 7000004ba000 Options.compaction_options_universal.compression_size_percent: -1
2020/11/13-21:42:23.295138 7000004ba000 Options.compaction_options_universal.stop_style: kCompactionStopStyleTotalSize
2020/11/13-21:42:23.295139 7000004ba000 Options.compaction_options_fifo.max_table_files_size: 1073741824
2020/11/13-21:42:23.295140 7000004ba000 Options.compaction_options_fifo.allow_compaction: 0
2020/11/13-21:42:23.295142 7000004ba000                   Options.table_properties_collectors: 
2020/11/13-21:42:23.295143 7000004ba000                   Options.inplace_update_support: 0
2020/11/13-21:42:23.295144 7000004ba000                 Options.inplace_update_num_locks: 10000
2020/11/13-21:42:23.295146 7000004ba000               Options.memtable_prefix_bloom_size_ratio: 0.000000
2020/11/13-21:42:23.295147 7000004ba000               Options.memtable_whole_key_filtering: 0
2020/11/13-21:42:23.295171 7000004ba000   Options.memtable_huge_page_size: 0
2020/11/13-21:42:23.295174 7000004ba000                           Options.bloom_locality: 0
2020/11/13-21:42:23.295175 7000004ba000                    Options.max_successive_merges: 0
2020/11/13-21:42:23.295176 7000004ba000                Options.optimize_filters_for_hits: 0
2020/11/13-21:42:23.295178 7000004ba000                Options.paranoid_file_checks: 0
2020/11/13-21:42:23.295179 7000004ba000                Options.force_consistency_checks: 0
2020/11/13-21:42:23.295180 7000004ba000                Options.report_bg_io_stats: 0
2020/11/13-21:42:23.295182 7000004ba000                               Options.ttl: 2592000
2020/11/13-21:42:23.295183 7000004ba000          Options.periodic_compaction_seconds: 0
2020/11/13-21:42:23.295237 7000004ba000 [lumn_family.cc:552] --------------- Options for column family []:
2020/11/13-21:42:23.295240 7000004ba000               Options.comparator: leveldb.BytewiseComparator
2020/11/13-21:42:23.295242 7000004ba000           Options.merge_operator: None
2020/11/13-21:42:23.295243 7000004ba000        Options.compaction_filter: None
2020/11/13-21:42:23.295245 7000004ba000        Options.compaction_filter_factory: None
2020/11/13-21:42:23.295246 7000004ba000         Options.memtable_factory: SkipListFactory
2020/11/13-21:42:23.295248 7000004ba000            Options.table_factory: BlockBasedTable
2020/11/13-21:42:23.295264 7000004ba000            table_factory options:   flush_block_policy_factory: FlushBlockBySizePolicyFactory (0x7fc07dbc1400)
  cache_index_and_filter_blocks: 0
  cache_index_and_filter_blocks_with_high_priority: 1
  pin_l0_filter_and_index_blocks_in_cache: 0
  pin_top_level_index_and_filter: 1
  index_type: 0
  data_block_index_type: 0
  index_shortening: 1
  data_block_hash_table_util_ratio: 0.750000
  hash_index_allow_collision: 1
  checksum: 1
  no_block_cache: 0
  block_cache: 0x7fc07dbc1448
  block_cache_name: LRUCache
  block_cache_options:
    capacity : 8388608
    num_shard_bits : 4
    strict_capacity_limit : 0
    memory_allocator : None
    high_pri_pool_ratio: 0.000
  block_cache_compressed: 0x0
  persistent_cache: 0x0
  block_size: 4096
  block_size_deviation: 10
  block_restart_interval: 16
  index_block_restart_interval: 1
  metadata_block_size: 4096
  partition_filters: 0
  use_delta_encoding: 1
  filter_policy: nullptr
  whole_key_filtering: 1
  verify_compression: 0
  read_amp_bytes_per_bit: 0
  format_version: 2
  enable_index_compression: 1
  block_align: 0
2020/11/13-21:42:23.295267 7000004ba000        Options.write_buffer_size: 67108864
2020/11/13-21:42:23.295269 7000004ba000  Options.max_write_buffer_number: 2
2020/11/13-21:42:23.295270 7000004ba000          Options.compression: Snappy
2020/11/13-21:42:23.295272 7000004ba000                  Options.bottommost_compression: Disabled
2020/11/13-21:42:23.295273 7000004ba000       Options.prefix_extractor: nullptr
2020/11/13-21:42:23.295275 7000004ba000   Options.memtable_insert_with_hint_prefix_extractor: nullptr
2020/11/13-21:42:23.295276 7000004ba000             Options.num_levels: 7
2020/11/13-21:42:23.295278 7000004ba000        Options.min_write_buffer_number_to_merge: 1
2020/11/13-21:42:23.295279 7000004ba000     Options.max_write_buffer_number_to_maintain: 0
2020/11/13-21:42:23.295281 7000004ba000     Options.max_write_buffer_size_to_maintain: 134217728
2020/11/13-21:42:23.295282 7000004ba000            Options.bottommost_compression_opts.window_bits: -14
2020/11/13-21:42:23.295284 7000004ba000                  Options.bottommost_compression_opts.level: 32767
2020/11/13-21:42:23.295285 7000004ba000               Options.bottommost_compression_opts.strategy: 0
2020/11/13-21:42:23.295286 7000004ba000         Options.bottommost_compression_opts.max_dict_bytes: 0
2020/11/13-21:42:23.295288 7000004ba000         Options.bottommost_compression_opts.zstd_max_train_bytes: 0
2020/11/13-21:42:23.295289 7000004ba000                  Options.bottommost_compression_opts.enabled: false
2020/11/13-21:42:23.295291 7000004ba000            Options.compression_opts.window_bits: -14
2020/11/13-21:42:23.295317 7000004ba000                  Options.compression_opts.level: 32767
2020/11/13-21:42:23.295318 7000004ba000               Options.compression_opts.strategy: 0
2020/11/13-21:42:23.295320 7000004ba000         Options.compression_opts.max_dict_bytes: 0
2020/11/13-21:42:23.295321 7000004ba000         Options.compression_opts.zstd_max_train_bytes: 0
2020/11/13-21:42:23.295323 7000004ba000                  Options.compression_opts.enabled: false
2020/11/13-21:42:23.295324 7000004ba000      Options.level0_file_num_compaction_trigger: 4
2020/11/13-21:42:23.295325 7000004ba000          Options.level0_slowdown_writes_trigger: 20
2020/11/13-21:42:23.295327 7000004ba000              Options.level0_stop_writes_trigger: 36
2020/11/13-21:42:23.295328 7000004ba000                   Options.target_file_size_base: 67108864
2020/11/13-21:42:23.295330 7000004ba000             Options.target_file_size_multiplier: 1
2020/11/13-21:42:23.295331 7000004ba000                Options.max_bytes_for_level_base: 268435456
2020/11/13-21:42:23.295333 7000004ba000 Options.level_compaction_dynamic_level_bytes: 0
2020/11/13-21:42:23.295334 7000004ba000          Options.max_bytes_for_level_multiplier: 10.000000
2020/11/13-21:42:23.295336 7000004ba000 Options.max_bytes_for_level_multiplier_addtl[0]: 1
2020/11/13-21:42:23.295338 7000004ba000 Options.max_bytes_for_level_multiplier_addtl[1]: 1
2020/11/13-21:42:23.295339 7000004ba000 Options.max_bytes_for_level_multiplier_addtl[2]: 1
2020/11/13-21:42:23.295341 7000004ba000 Options.max_bytes_for_level_multiplier_addtl[3]: 1
2020/11/13-21:42:23.295342 7000004ba000 Options.max_bytes_for_level_multiplier_addtl[4]: 1
2020/11/13-21:42:23.295344 7000004ba000 Options.max_bytes_for_level_multiplier_addtl[5]: 1
2020/11/13-21:42:23.295345 7000004ba000 Options.max_bytes_for_level_multiplier_addtl[6]: 1
2020/11/13-21:42:23.295346 7000004ba000       Options.max_sequential_skip_in_iterations: 8
2020/11/13-21:42:23.295348 7000004ba000                    Options.max_compaction_bytes: 1677721600
2020/11/13-21:42:23.295350 7000004ba000                        Options.arena_block_size: 8388608
2020/11/13-21:42:23.295351 7000004ba000   Options.soft_pending_compaction_bytes_limit: 68719476736
2020/11/13-21:42:23.295353 7000004ba000   Options.hard_pending_compaction_bytes_limit: 274877906944
2020/11/13-21:42:23.295354 7000004ba000       Options.rate_limit_delay_max_milliseconds: 100
2020/11/13-21:42:23.295356 7000004ba000                Options.disable_auto_compactions: 1
2020/11/13-21:42:23.295357 7000004ba000                        Options.compaction_style: kCompactionStyleLevel
2020/11/13-21:42:23.295359 7000004ba000                          Options.compaction_pri: kMinOverlappingRatio
2020/11/13-21:42:23.295360 7000004ba000 Options.compaction_options_universal.size_ratio: 1
2020/11/13-21:42:23.295362 7000004ba000 Options.compaction_options_universal.min_merge_width: 2
2020/11/13-21:42:23.295363 7000004ba000 Options.compaction_options_universal.max_merge_width: 4294967295
2020/11/13-21:42:23.295365 7000004ba000 Options.compaction_options_universal.max_size_amplification_percent: 200
2020/11/13-21:42:23.295366 7000004ba000 Options.compaction_options_universal.compression_size_percent: -1
2020/11/13-21:42:23.295368 7000004ba000 Options.compaction_options_universal.stop_style: kCompactionStopStyleTotalSize
2020/11/13-21:42:23.295370 7000004ba000 Options.compaction_options_fifo.max_table_files_size: 1073741824
2020/11/13-21:42:23.295371 7000004ba000 Options.compaction_options_fifo.allow_compaction: 0
2020/11/13-21:42:23.295373 7000004ba000                   Options.table_properties_collectors: 
2020/11/13-21:42:23.295374 7000004ba000                   Options.inplace_update_support: 0
2020/11/13-21:42:23.295376 7000004ba000                 Options.inplace_update_num_locks: 10000
2020/11/13-21:42:23.295377 7000004ba000               Options.memtable_prefix_bloom_size_ratio: 0.000000
2020/11/13-21:42:23.295379 7000004ba000               Options.memtable_whole_key_filtering: 0
2020/11/13-21:42:23.295400 7000004ba000   Options.memtable_huge_page_size: 0
2020/11/13-21:42:23.295402 7000004ba000                           Options.bloom_locality: 0
2020/11/13-21:42:23.295403 7000004ba000                    Options.max_successive_merges: 0
2020/11/13-21:42:23.295405 7000004ba000                Options.optimize_filters_for_hits: 0
2020/11/13-21:42:23.295406 7000004ba000                Options.paranoid_file_checks: 0
2020/11/13-21:42:23.295407 7000004ba000                Options.force_consistency_checks: 0
2020/11/13-21:42:23.295409 7000004ba000                Options.report_bg_io_stats: 0
2020/11/13-21:42:23.295410 7000004ba000                               Options.ttl: 2592000
2020/11/13-21:42:23.295412 7000004ba000          Options.periodic_compaction_seconds: 0
2020/11/13-21:42:23.295451 7000004ba000 [lumn_family.cc:552] --------------- Options for column family []:
2020/11/13-21:42:23.295454 7000004ba000               Options.comparator: leveldb.BytewiseComparator
2020/11/13-21:42:23.295456 7000004ba000           Options.merge_operator: None
2020/11/13-21:42:23.295457 7000004ba000        Options.compaction_filter: None
2020/11/13-21:42:23.295459 7000004ba000        Options.compaction_filter_factory: None
2020/11/13-21:42:23.295460 7000004ba000         Options.memtable_factory: SkipListFactory
2020/11/13-21:42:23.295462 7000004ba000            Options.table_factory: BlockBasedTable
2020/11/13-21:42:23.295477 7000004ba000            table_factory options:   flush_block_policy_factory: FlushBlockBySizePolicyFactory (0x7fc07dbc2190)
  cache_index_and_filter_blocks: 0
  cache_index_and_filter_blocks_with_high_priority: 1
  pin_l0_filter_and_index_blocks_in_cache: 0
  pin_top_level_index_and_filter: 1
  index_type: 0
  data_block_index_type: 0
  index_shortening: 1
  data_block_hash_table_util_ratio: 0.750000
  hash_index_allow_collision: 1
  checksum: 1
  no_block_cache: 0
  block_cache: 0x7fc07dbc21d8
  block_cache_name: LRUCache
  block_cache_options:
    capacity : 8388608
    num_shard_bits : 4
    strict_capacity_limit : 0
    memory_allocator : None
    high_pri_pool_ratio: 0.000
  block_cache_compressed: 0x0
  persistent_cache: 0x0
  block_size: 4096
  block_size_deviation: 10
  block_restart_interval: 16
  index_block_restart_interval: 1
  metadata_block_size: 4096
  partition_filters: 0
  use_delta_encoding: 1
  filter_policy: nullptr
  whole_key_filtering: 1
  verify_compression: 0
  read_amp_bytes_per_bit: 0
  format_version: 2
  enable_index_compression: 1
  block_align: 0
2020/11/13-21:42:23.295480 7000004ba000        Options.write_buffer_size: 67108864
2020/11/13-21:42:23.295482 7000004ba000  Options.max_write_buffer_number: 2
2020/11/13-21:42:23.295483 7000004ba000          Options.compression: Snappy
2020/11/13-21:42:23.295485 7000004ba000                  Options.bottommost_compression: Disabled
2020/11/13-21:42:23.295486 7000004ba000       Options.prefix_extractor: nullptr
2020/11/13-21:42:23.295487 7000004ba000   Options.memtable_insert_with_hint_prefix_extractor: nullptr
2020/11/13-21:42:23.295488 7000004ba000             Options.num_levels: 7
2020/11/13-21:42:23.295489 7000004ba000        Options.min_write_buffer_number_to_merge: 1
2020/11/13-21:42:23.295491 7000004ba000     Options.max_write_buffer_number_to_maintain: 0
2020/11/13-21:42:23.295492 7000004ba000     Options.max_write_buffer_size_to_maintain: 134217728
2020/11/13-21:42:23.295493 7000004ba000            Options.bottommost_compression_opts.window_bits: -14
2020/11/13-21:42:23.295494 7000004ba000                  Options.bottommost_compression_opts.level: 32767
2020/11/13-21:42:23.295496 7000004ba000               Options.bottommost_compression_opts.strategy: 0
2020/11/13-21:42:23.295497 7000004ba000         Options.bottommost_compression_opts.max_dict_bytes: 0
2020/11/13-21:42:23.295498 7000004ba000         Options.bottommost_compression_opts.zstd_max_train_bytes: 0
2020/11/13-21:42:23.295499 7000004ba000                  Options.bottommost_compression_opts.enabled: false
2020/11/13-21:42:23.295501 7000004ba000            Options.compression_opts.window_bits: -14
2020/11/13-21:42:23.295524 7000004ba000                  Options.compression_opts.level: 32767
2020/11/13-21:42:23.295526 7000004ba000               Options.compression_opts.strategy: 0
2020/11/13-21:42:23.295528 7000004ba000         Options.compression_opts.max_dict_bytes: 0
2020/11/13-21:42:23.295529 7000004ba000         Options.compression_opts.zstd_max_train_bytes: 0
2020/11/13-21:42:23.295530 7000004ba000                  Options.compression_opts.enabled: false
2020/11/13-21:42:23.295532 7000004ba000      Options.level0_file_num_compaction_trigger: 4
2020/11/13-21:42:23.295533 7000004ba000          Options.level0_slowdown_writes_trigger: 20
2020/11/13-21:42:23.295534 7000004ba000              Options.level0_stop_writes_trigger: 36
2020/11/13-21:42:23.295536 7000004ba000                   Options.target_file_size_base: 67108864
2020/11/13-21:42:23.295537 7000004ba000             Options.target_file_size_multiplier: 1
2020/11/13-21:42:23.295538 7000004ba000                Options.max_bytes_for_level_base: 268435456
2020/11/13-21:42:23.295540 7000004ba000 Options.level_compaction_dynamic_level_bytes: 0
2020/11/13-21:42:23.295541 7000004ba000          Options.max_bytes_for_level_multiplier: 10.000000
2020/11/13-21:42:23.295543 7000004ba000 Options.max_bytes_for_level_multiplier_addtl[0]: 1
2020/11/13-21:42:23.295544 7000004ba000 Options.max_bytes_for_level_multiplier_addtl[1]: 1
2020/11/13-21:42:23.295546 7000004ba000 Options.max_bytes_for_level_multiplier_addtl[2]: 1
2020/11/13-21:42:23.295547 7000004ba000 Options.max_bytes_for_level_multiplier_addtl[3]: 1
2020/11/13-21:42:23.295548 7000004ba000 Options.max_bytes_for_level_multiplier_addtl[4]: 1
2020/11/13-21:42:23.295550 7000004ba000 Options.max_bytes_for_level_multiplier_addtl[5]: 1
2020/11/13-21:42:23.295551 7000004ba000 Options.max_bytes_for_level_multiplier_addtl[6]: 1
2020/11/13-21:42:23.295552 7000004ba000       Options.max_sequential_skip_in_iterations: 8
2020/11/13-21:42:23.295554 7000004ba000                    Options.max_compaction_bytes: 1677721600
2020/11/13-21:42:23.295555 7000004ba000                        Options.arena_block_size: 8388608
2020/11/13-21:42:23.295556 7000004ba000   Options.soft_pending_compaction_bytes_limit: 68719476736
2020/11/13-21:42:23.295557 7000004ba000   Options.hard_pending_compaction_bytes_limit: 274877906944
2020/11/13-21:42:23.295559 7000004ba000       Options.rate_limit_delay_max_milliseconds: 100
2020/11/13-21:42:23.295561 7000004ba000                Options.disable_auto_compactions: 1
2020/11/13-21:42:23.295562 7000004ba000                        Options.compaction_style: kCompactionStyleLevel
2020/11/13-21:42:23.295564 7000004ba000                          Options.compaction_pri: kMinOverlappingRatio
2020/11/13-21:42:23.295565 7000004ba000 Options.compaction_options_universal.size_ratio: 1
2020/11/13-21:42:23.295566 7000004ba000 Options.compaction_options_universal.min_merge_width: 2
