2021/03/19-20:18:40.446470 70000b1db000 RocksDB version: 6.8.1
2021/03/19-20:18:40.446546 70000b1db000 Git sha rocksdb_build_git_sha:27e593fbe10efa5a562ca79b1939ffb69d25163f
2021/03/19-20:18:40.446549 70000b1db000 Compile date Apr 26 2020
2021/03/19-20:18:40.446550 70000b1db000 DB SUMMARY
2021/03/19-20:18:40.447850 70000b1db000 CURRENT file:  CURRENT
2021/03/19-20:18:40.447853 70000b1db000 IDENTITY file:  IDENTITY
2021/03/19-20:18:40.447866 70000b1db000 MANIFEST file:  MANIFEST-002381 size: 1783 Bytes
2021/03/19-20:18:40.447868 70000b1db000 SST files in /Users/akanit/Documents/GitHub/ProjectCE_coin/testBlockchain/testTruffle/PrivateBlockchain/node4/data/database dir, Total Num: 5, files: 002353.sst 002363.sst 002380.sst 002386.sst 002398.sst 
2021/03/19-20:18:40.447872 70000b1db000 Write Ahead Log file in /Users/akanit/Documents/GitHub/ProjectCE_coin/testBlockchain/testTruffle/PrivateBlockchain/node4/data/database: 000003.log size: 480932 ; 000031.log size: 1731344 ; 000048.log size: 2541010 ; 000065.log size: 2372414 ; 000082.log size: 629 ; 000102.log size: 629 ; 000118.log size: 629 ; 000134.log size: 629 ; 000150.log size: 579732 ; 000168.log size: 3236677 ; 000185.log size: 629 ; 000201.log size: 629 ; 000217.log size: 629 ; 000234.log size: 629 ; 000250.log size: 629 ; 000266.log size: 629 ; 000282.log size: 629 ; 000299.log size: 629 ; 000315.log size: 323995 ; 000332.log size: 16429513 ; 000349.log size: 3519648 ; 000370.log size: 2635963 ; 000387.log size: 629 ; 000407.log size: 46332 ; 000424.log size: 0 ; 000439.log size: 629 ; 000455.log size: 629 ; 000471.log size: 629 ; 000488.log size: 72763 ; 000505.log size: 468342 ; 000522.log size: 376912 ; 000539.log size: 195268 ; 000560.log size: 30245 ; 000577.log size: 3073 ; 000594.log size: 16295 ; 000611.log size: 629 ; 000631.log size: 7558244 ; 000648.log size: 18300159 ; 000665.log size: 4245810 ; 000682.log size: 64362 ; 000700.log size: 967277 ; 000720.log size: 663011 ; 000737.log size: 5212943 ; 000754.log size: 1155993 ; 000772.log size: 4309504 ; 000792.log size: 195368 ; 000809.log size: 70339 ; 000826.log size: 510399 ; 000844.log size: 137705 ; 000864.log size: 2679763 ; 000881.log size: 2306753 ; 000898.log size: 1436102 ; 000916.log size: 314380 ; 000936.log size: 3544429 ; 000953.log size: 4340724 ; 000970.log size: 542015 ; 000988.log size: 261654 ; 001008.log size: 5067946 ; 001025.log size: 6490989 ; 001042.log size: 762491 ; 001060.log size: 265345 ; 001080.log size: 18694 ; 001097.log size: 899007 ; 001114.log size: 1279711 ; 001132.log size: 640798 ; 001152.log size: 860976 ; 001169.log size: 331584 ; 001186.log size: 139022 ; 001204.log size: 1497469 ; 001224.log size: 224449 ; 001241.log size: 475912 ; 001258.log size: 629 ; 001275.log size: 279781 ; 001292.log size: 959261 ; 001312.log size: 229241 ; 001329.log size: 646754 ; 001347.log size: 140273 ; 001364.log size: 2187474 ; 001384.log size: 6545888 ; 001401.log size: 550257 ; 001419.log size: 104018 ; 001436.log size: 315858 ; 001456.log size: 469937 ; 001473.log size: 126915 ; 001491.log size: 3000379 ; 001508.log size: 4699246 ; 001528.log size: 5547541 ; 001545.log size: 929581 ; 001563.log size: 2892938 ; 001580.log size: 3665757 ; 001600.log size: 314655 ; 001617.log size: 100519 ; 001635.log size: 704571 ; 001652.log size: 587812 ; 001673.log size: 42761 ; 001690.log size: 69214 ; 001708.log size: 526472 ; 001725.log size: 2475718 ; 001746.log size: 5248045 ; 001763.log size: 1862035 ; 001781.log size: 1249385 ; 001798.log size: 48776 ; 001819.log size: 74066 ; 001836.log size: 87299 ; 001854.log size: 242987 ; 001871.log size: 334960 ; 001892.log size: 1676323 ; 001909.log size: 1999854 ; 001927.log size: 3381814 ; 001944.log size: 4748687 ; 001965.log size: 7148008 ; 001982.log size: 7069056 ; 002000.log size: 2830701 ; 002017.log size: 8418621 ; 002038.log size: 8382773 ; 002055.log size: 577047 ; 002073.log size: 7975868 ; 002090.log size: 941584 ; 002111.log size: 7373292 ; 002128.log size: 4302854 ; 002146.log size: 4313588 ; 002163.log size: 4576122 ; 002184.log size: 1391604 ; 002201.log size: 4169884 ; 002219.log size: 178728 ; 002236.log size: 2792198 ; 002257.log size: 142412 ; 002274.log size: 3082204 ; 002292.log size: 2233888 ; 002309.log size: 8913145 ; 002330.log size: 1436149 ; 002347.log size: 596057 ; 002365.log size: 603498 ; 002382.log size: 550532 ; 
2021/03/19-20:18:40.447927 70000b1db000                         Options.error_if_exists: 0
2021/03/19-20:18:40.447931 70000b1db000                       Options.create_if_missing: 1
2021/03/19-20:18:40.447932 70000b1db000                         Options.paranoid_checks: 1
2021/03/19-20:18:40.447933 70000b1db000                                     Options.env: 0x13106da48
2021/03/19-20:18:40.447935 70000b1db000                                      Options.fs: Posix File System
2021/03/19-20:18:40.447936 70000b1db000                                Options.info_log: 0x7fe7ffc38a80
2021/03/19-20:18:40.447937 70000b1db000                Options.max_file_opening_threads: 16
2021/03/19-20:18:40.447938 70000b1db000                              Options.statistics: 0x7fe7fff2b660
2021/03/19-20:18:40.447939 70000b1db000                               Options.use_fsync: 0
2021/03/19-20:18:40.447940 70000b1db000                       Options.max_log_file_size: 0
2021/03/19-20:18:40.447941 70000b1db000                  Options.max_manifest_file_size: 1073741824
2021/03/19-20:18:40.447942 70000b1db000                   Options.log_file_time_to_roll: 0
2021/03/19-20:18:40.447943 70000b1db000                       Options.keep_log_file_num: 1000
2021/03/19-20:18:40.447944 70000b1db000                    Options.recycle_log_file_num: 0
2021/03/19-20:18:40.447945 70000b1db000                         Options.allow_fallocate: 1
2021/03/19-20:18:40.447946 70000b1db000                        Options.allow_mmap_reads: 0
2021/03/19-20:18:40.447947 70000b1db000                       Options.allow_mmap_writes: 0
2021/03/19-20:18:40.447948 70000b1db000                        Options.use_direct_reads: 0
2021/03/19-20:18:40.447949 70000b1db000                        Options.use_direct_io_for_flush_and_compaction: 0
2021/03/19-20:18:40.447950 70000b1db000          Options.create_missing_column_families: 1
2021/03/19-20:18:40.447951 70000b1db000                              Options.db_log_dir: 
2021/03/19-20:18:40.447952 70000b1db000                                 Options.wal_dir: /Users/akanit/Documents/GitHub/ProjectCE_coin/testBlockchain/testTruffle/PrivateBlockchain/node4/data/database
2021/03/19-20:18:40.447953 70000b1db000                Options.table_cache_numshardbits: 6
2021/03/19-20:18:40.447954 70000b1db000                      Options.max_subcompactions: 1
2021/03/19-20:18:40.447955 70000b1db000                  Options.max_background_flushes: -1
2021/03/19-20:18:40.447956 70000b1db000                         Options.WAL_ttl_seconds: 0
2021/03/19-20:18:40.447957 70000b1db000                       Options.WAL_size_limit_MB: 0
2021/03/19-20:18:40.447958 70000b1db000                        Options.max_write_batch_group_size_bytes: 1048576
2021/03/19-20:18:40.447959 70000b1db000             Options.manifest_preallocation_size: 4194304
2021/03/19-20:18:40.447960 70000b1db000                     Options.is_fd_close_on_exec: 1
2021/03/19-20:18:40.447961 70000b1db000                   Options.advise_random_on_open: 1
2021/03/19-20:18:40.447962 70000b1db000                    Options.db_write_buffer_size: 0
2021/03/19-20:18:40.447963 70000b1db000                    Options.write_buffer_manager: 0x7fe7ffc38980
2021/03/19-20:18:40.447964 70000b1db000         Options.access_hint_on_compaction_start: 1
2021/03/19-20:18:40.447965 70000b1db000  Options.new_table_reader_for_compaction_inputs: 0
2021/03/19-20:18:40.447966 70000b1db000           Options.random_access_max_buffer_size: 1048576
2021/03/19-20:18:40.447967 70000b1db000                      Options.use_adaptive_mutex: 0
2021/03/19-20:18:40.447967 70000b1db000                            Options.rate_limiter: 0x0
2021/03/19-20:18:40.447970 70000b1db000     Options.sst_file_manager.rate_bytes_per_sec: 0
2021/03/19-20:18:40.447972 70000b1db000                       Options.wal_recovery_mode: 2
2021/03/19-20:18:40.447990 70000b1db000                  Options.enable_thread_tracking: 0
2021/03/19-20:18:40.447991 70000b1db000                  Options.enable_pipelined_write: 0
2021/03/19-20:18:40.447992 70000b1db000                  Options.unordered_write: 0
2021/03/19-20:18:40.447993 70000b1db000         Options.allow_concurrent_memtable_write: 1
2021/03/19-20:18:40.447994 70000b1db000      Options.enable_write_thread_adaptive_yield: 1
2021/03/19-20:18:40.447995 70000b1db000             Options.write_thread_max_yield_usec: 100
2021/03/19-20:18:40.447996 70000b1db000            Options.write_thread_slow_yield_usec: 3
2021/03/19-20:18:40.447997 70000b1db000                               Options.row_cache: None
2021/03/19-20:18:40.447998 70000b1db000                              Options.wal_filter: None
2021/03/19-20:18:40.447999 70000b1db000             Options.avoid_flush_during_recovery: 0
2021/03/19-20:18:40.448000 70000b1db000             Options.allow_ingest_behind: 0
2021/03/19-20:18:40.448001 70000b1db000             Options.preserve_deletes: 0
2021/03/19-20:18:40.448002 70000b1db000             Options.two_write_queues: 0
2021/03/19-20:18:40.448003 70000b1db000             Options.manual_wal_flush: 0
2021/03/19-20:18:40.448004 70000b1db000             Options.atomic_flush: 0
2021/03/19-20:18:40.448005 70000b1db000             Options.avoid_unnecessary_blocking_io: 0
2021/03/19-20:18:40.448006 70000b1db000                 Options.persist_stats_to_disk: 0
2021/03/19-20:18:40.448007 70000b1db000                 Options.write_dbid_to_manifest: 0
2021/03/19-20:18:40.448008 70000b1db000                 Options.log_readahead_size: 0
2021/03/19-20:18:40.448027 70000b1db000                 Options.sst_file_checksum_func: Unknown
2021/03/19-20:18:40.448034 70000b1db000             Options.max_background_jobs: 2
2021/03/19-20:18:40.448036 70000b1db000             Options.max_background_compactions: 4
2021/03/19-20:18:40.448037 70000b1db000             Options.avoid_flush_during_shutdown: 0
2021/03/19-20:18:40.448038 70000b1db000           Options.writable_file_max_buffer_size: 1048576
2021/03/19-20:18:40.448040 70000b1db000             Options.delayed_write_rate : 16777216
2021/03/19-20:18:40.448041 70000b1db000             Options.max_total_wal_size: 0
2021/03/19-20:18:40.448042 70000b1db000             Options.delete_obsolete_files_period_micros: 21600000000
2021/03/19-20:18:40.448043 70000b1db000                   Options.stats_dump_period_sec: 600
2021/03/19-20:18:40.448044 70000b1db000                 Options.stats_persist_period_sec: 600
2021/03/19-20:18:40.448045 70000b1db000                 Options.stats_history_buffer_size: 1048576
2021/03/19-20:18:40.448046 70000b1db000                          Options.max_open_files: 1024
2021/03/19-20:18:40.448047 70000b1db000                          Options.bytes_per_sync: 0
2021/03/19-20:18:40.448048 70000b1db000                      Options.wal_bytes_per_sync: 0
2021/03/19-20:18:40.448055 70000b1db000                   Options.strict_bytes_per_sync: 0
2021/03/19-20:18:40.448056 70000b1db000       Options.compaction_readahead_size: 0
2021/03/19-20:18:40.448057 70000b1db000 Compression algorithms supported:
2021/03/19-20:18:40.448062 70000b1db000 	kZSTD supported: 1
2021/03/19-20:18:40.448064 70000b1db000 	kZlibCompression supported: 1
2021/03/19-20:18:40.448065 70000b1db000 	kXpressCompression supported: 0
2021/03/19-20:18:40.448067 70000b1db000 	kSnappyCompression supported: 1
2021/03/19-20:18:40.448069 70000b1db000 	kZSTDNotFinalCompression supported: 1
2021/03/19-20:18:40.448070 70000b1db000 	kLZ4HCCompression supported: 1
2021/03/19-20:18:40.448071 70000b1db000 	kLZ4Compression supported: 1
2021/03/19-20:18:40.448073 70000b1db000 	kBZip2Compression supported: 1
2021/03/19-20:18:40.448093 70000b1db000 Fast CRC32 supported: Not supported on x86
2021/03/19-20:18:40.448556 70000b1db000 [rsion_set.cc:4413] Recovering from manifest file: /Users/akanit/Documents/GitHub/ProjectCE_coin/testBlockchain/testTruffle/PrivateBlockchain/node4/data/database/MANIFEST-002381
2021/03/19-20:18:40.448655 70000b1db000 [lumn_family.cc:552] --------------- Options for column family [default]:
2021/03/19-20:18:40.448658 70000b1db000               Options.comparator: leveldb.BytewiseComparator
2021/03/19-20:18:40.448660 70000b1db000           Options.merge_operator: None
2021/03/19-20:18:40.448661 70000b1db000        Options.compaction_filter: None
2021/03/19-20:18:40.448662 70000b1db000        Options.compaction_filter_factory: None
2021/03/19-20:18:40.448663 70000b1db000         Options.memtable_factory: SkipListFactory
2021/03/19-20:18:40.448664 70000b1db000            Options.table_factory: BlockBasedTable
2021/03/19-20:18:40.448685 70000b1db000            table_factory options:   flush_block_policy_factory: FlushBlockBySizePolicyFactory (0x7fe7ffb566e0)
  cache_index_and_filter_blocks: 0
  cache_index_and_filter_blocks_with_high_priority: 0
  pin_l0_filter_and_index_blocks_in_cache: 0
  pin_top_level_index_and_filter: 1
  index_type: 0
  data_block_index_type: 0
  index_shortening: 1
  data_block_hash_table_util_ratio: 0.750000
  hash_index_allow_collision: 1
  checksum: 1
  no_block_cache: 0
  block_cache: 0x7fe7ffc38e38
  block_cache_name: LRUCache
  block_cache_options:
    capacity : 8388608
    num_shard_bits : 4
    strict_capacity_limit : 0
    memory_allocator : None
    high_pri_pool_ratio: 0.000
  block_cache_compressed: 0x0
  persistent_cache: 0x0
  block_size: 4096
  block_size_deviation: 10
  block_restart_interval: 16
  index_block_restart_interval: 1
  metadata_block_size: 4096
  partition_filters: 0
  use_delta_encoding: 1
  filter_policy: nullptr
  whole_key_filtering: 1
  verify_compression: 1
  read_amp_bytes_per_bit: 0
  format_version: 2
  enable_index_compression: 1
  block_align: 0
2021/03/19-20:18:40.448689 70000b1db000        Options.write_buffer_size: 67108864
2021/03/19-20:18:40.448690 70000b1db000  Options.max_write_buffer_number: 2
2021/03/19-20:18:40.448692 70000b1db000          Options.compression: Snappy
2021/03/19-20:18:40.448693 70000b1db000                  Options.bottommost_compression: Disabled
2021/03/19-20:18:40.448694 70000b1db000       Options.prefix_extractor: nullptr
2021/03/19-20:18:40.448695 70000b1db000   Options.memtable_insert_with_hint_prefix_extractor: nullptr
2021/03/19-20:18:40.448697 70000b1db000             Options.num_levels: 7
2021/03/19-20:18:40.448698 70000b1db000        Options.min_write_buffer_number_to_merge: 1
2021/03/19-20:18:40.448699 70000b1db000     Options.max_write_buffer_number_to_maintain: 0
2021/03/19-20:18:40.448700 70000b1db000     Options.max_write_buffer_size_to_maintain: 134217728
2021/03/19-20:18:40.448702 70000b1db000            Options.bottommost_compression_opts.window_bits: -14
2021/03/19-20:18:40.448703 70000b1db000                  Options.bottommost_compression_opts.level: 32767
2021/03/19-20:18:40.448704 70000b1db000               Options.bottommost_compression_opts.strategy: 0
2021/03/19-20:18:40.448705 70000b1db000         Options.bottommost_compression_opts.max_dict_bytes: 0
2021/03/19-20:18:40.448707 70000b1db000         Options.bottommost_compression_opts.zstd_max_train_bytes: 0
2021/03/19-20:18:40.448708 70000b1db000                  Options.bottommost_compression_opts.enabled: false
2021/03/19-20:18:40.448709 70000b1db000            Options.compression_opts.window_bits: -14
2021/03/19-20:18:40.448710 70000b1db000                  Options.compression_opts.level: 32767
2021/03/19-20:18:40.448711 70000b1db000               Options.compression_opts.strategy: 0
2021/03/19-20:18:40.448713 70000b1db000         Options.compression_opts.max_dict_bytes: 0
2021/03/19-20:18:40.448714 70000b1db000         Options.compression_opts.zstd_max_train_bytes: 0
2021/03/19-20:18:40.448715 70000b1db000                  Options.compression_opts.enabled: false
2021/03/19-20:18:40.448716 70000b1db000      Options.level0_file_num_compaction_trigger: 4
2021/03/19-20:18:40.448719 70000b1db000          Options.level0_slowdown_writes_trigger: 20
2021/03/19-20:18:40.448721 70000b1db000              Options.level0_stop_writes_trigger: 36
2021/03/19-20:18:40.448742 70000b1db000                   Options.target_file_size_base: 67108864
2021/03/19-20:18:40.448743 70000b1db000             Options.target_file_size_multiplier: 1
2021/03/19-20:18:40.448744 70000b1db000                Options.max_bytes_for_level_base: 268435456
2021/03/19-20:18:40.448745 70000b1db000 Options.level_compaction_dynamic_level_bytes: 0
2021/03/19-20:18:40.448746 70000b1db000          Options.max_bytes_for_level_multiplier: 10.000000
2021/03/19-20:18:40.448748 70000b1db000 Options.max_bytes_for_level_multiplier_addtl[0]: 1
2021/03/19-20:18:40.448749 70000b1db000 Options.max_bytes_for_level_multiplier_addtl[1]: 1
2021/03/19-20:18:40.448750 70000b1db000 Options.max_bytes_for_level_multiplier_addtl[2]: 1
2021/03/19-20:18:40.448751 70000b1db000 Options.max_bytes_for_level_multiplier_addtl[3]: 1
2021/03/19-20:18:40.448752 70000b1db000 Options.max_bytes_for_level_multiplier_addtl[4]: 1
2021/03/19-20:18:40.448753 70000b1db000 Options.max_bytes_for_level_multiplier_addtl[5]: 1
2021/03/19-20:18:40.448754 70000b1db000 Options.max_bytes_for_level_multiplier_addtl[6]: 1
2021/03/19-20:18:40.448755 70000b1db000       Options.max_sequential_skip_in_iterations: 8
2021/03/19-20:18:40.448756 70000b1db000                    Options.max_compaction_bytes: 1677721600
2021/03/19-20:18:40.448757 70000b1db000                        Options.arena_block_size: 8388608
2021/03/19-20:18:40.448758 70000b1db000   Options.soft_pending_compaction_bytes_limit: 68719476736
2021/03/19-20:18:40.448759 70000b1db000   Options.hard_pending_compaction_bytes_limit: 274877906944
2021/03/19-20:18:40.448760 70000b1db000       Options.rate_limit_delay_max_milliseconds: 100
2021/03/19-20:18:40.448761 70000b1db000                Options.disable_auto_compactions: 1
2021/03/19-20:18:40.448762 70000b1db000                        Options.compaction_style: kCompactionStyleLevel
2021/03/19-20:18:40.448764 70000b1db000                          Options.compaction_pri: kMinOverlappingRatio
2021/03/19-20:18:40.448765 70000b1db000 Options.compaction_options_universal.size_ratio: 1
2021/03/19-20:18:40.448766 70000b1db000 Options.compaction_options_universal.min_merge_width: 2
2021/03/19-20:18:40.448767 70000b1db000 Options.compaction_options_universal.max_merge_width: 4294967295
2021/03/19-20:18:40.448768 70000b1db000 Options.compaction_options_universal.max_size_amplification_percent: 200
2021/03/19-20:18:40.448770 70000b1db000 Options.compaction_options_universal.compression_size_percent: -1
2021/03/19-20:18:40.448787 70000b1db000 Options.compaction_options_universal.stop_style: kCompactionStopStyleTotalSize
2021/03/19-20:18:40.448791 70000b1db000 Options.compaction_options_fifo.max_table_files_size: 1073741824
2021/03/19-20:18:40.448792 70000b1db000 Options.compaction_options_fifo.allow_compaction: 0
2021/03/19-20:18:40.448794 70000b1db000                   Options.table_properties_collectors: 
2021/03/19-20:18:40.448795 70000b1db000                   Options.inplace_update_support: 0
2021/03/19-20:18:40.448797 70000b1db000                 Options.inplace_update_num_locks: 10000
2021/03/19-20:18:40.448798 70000b1db000               Options.memtable_prefix_bloom_size_ratio: 0.000000
2021/03/19-20:18:40.448800 70000b1db000               Options.memtable_whole_key_filtering: 0
2021/03/19-20:18:40.448801 70000b1db000   Options.memtable_huge_page_size: 0
2021/03/19-20:18:40.448803 70000b1db000                           Options.bloom_locality: 0
2021/03/19-20:18:40.448804 70000b1db000                    Options.max_successive_merges: 0
2021/03/19-20:18:40.448805 70000b1db000                Options.optimize_filters_for_hits: 0
2021/03/19-20:18:40.448807 70000b1db000                Options.paranoid_file_checks: 0
2021/03/19-20:18:40.448808 70000b1db000                Options.force_consistency_checks: 0
2021/03/19-20:18:40.448809 70000b1db000                Options.report_bg_io_stats: 0
2021/03/19-20:18:40.448811 70000b1db000                               Options.ttl: 2592000
2021/03/19-20:18:40.448812 70000b1db000          Options.periodic_compaction_seconds: 0
2021/03/19-20:18:40.449227 70000b1db000 [lumn_family.cc:552] --------------- Options for column family []:
2021/03/19-20:18:40.449232 70000b1db000               Options.comparator: leveldb.BytewiseComparator
2021/03/19-20:18:40.449234 70000b1db000           Options.merge_operator: None
2021/03/19-20:18:40.449235 70000b1db000        Options.compaction_filter: None
2021/03/19-20:18:40.449236 70000b1db000        Options.compaction_filter_factory: None
2021/03/19-20:18:40.449237 70000b1db000         Options.memtable_factory: SkipListFactory
2021/03/19-20:18:40.449238 70000b1db000            Options.table_factory: BlockBasedTable
2021/03/19-20:18:40.449252 70000b1db000            table_factory options:   flush_block_policy_factory: FlushBlockBySizePolicyFactory (0x7fe7ffc32580)
  cache_index_and_filter_blocks: 0
  cache_index_and_filter_blocks_with_high_priority: 1
  pin_l0_filter_and_index_blocks_in_cache: 0
  pin_top_level_index_and_filter: 1
  index_type: 0
  data_block_index_type: 0
  index_shortening: 1
  data_block_hash_table_util_ratio: 0.750000
  hash_index_allow_collision: 1
  checksum: 1
  no_block_cache: 0
  block_cache: 0x7fe7ffc329c8
  block_cache_name: LRUCache
  block_cache_options:
    capacity : 8388608
    num_shard_bits : 4
    strict_capacity_limit : 0
    memory_allocator : None
    high_pri_pool_ratio: 0.000
  block_cache_compressed: 0x0
  persistent_cache: 0x0
  block_size: 4096
  block_size_deviation: 10
  block_restart_interval: 16
  index_block_restart_interval: 1
  metadata_block_size: 4096
  partition_filters: 0
  use_delta_encoding: 1
  filter_policy: nullptr
  whole_key_filtering: 1
  verify_compression: 0
  read_amp_bytes_per_bit: 0
  format_version: 2
  enable_index_compression: 1
  block_align: 0
2021/03/19-20:18:40.449256 70000b1db000        Options.write_buffer_size: 67108864
2021/03/19-20:18:40.449257 70000b1db000  Options.max_write_buffer_number: 2
2021/03/19-20:18:40.449258 70000b1db000          Options.compression: Snappy
2021/03/19-20:18:40.449259 70000b1db000                  Options.bottommost_compression: Disabled
2021/03/19-20:18:40.449260 70000b1db000       Options.prefix_extractor: nullptr
2021/03/19-20:18:40.449261 70000b1db000   Options.memtable_insert_with_hint_prefix_extractor: nullptr
2021/03/19-20:18:40.449262 70000b1db000             Options.num_levels: 7
2021/03/19-20:18:40.449263 70000b1db000        Options.min_write_buffer_number_to_merge: 1
2021/03/19-20:18:40.449264 70000b1db000     Options.max_write_buffer_number_to_maintain: 0
2021/03/19-20:18:40.449265 70000b1db000     Options.max_write_buffer_size_to_maintain: 134217728
2021/03/19-20:18:40.449266 70000b1db000            Options.bottommost_compression_opts.window_bits: -14
2021/03/19-20:18:40.449268 70000b1db000                  Options.bottommost_compression_opts.level: 32767
2021/03/19-20:18:40.449269 70000b1db000               Options.bottommost_compression_opts.strategy: 0
2021/03/19-20:18:40.449270 70000b1db000         Options.bottommost_compression_opts.max_dict_bytes: 0
2021/03/19-20:18:40.449271 70000b1db000         Options.bottommost_compression_opts.zstd_max_train_bytes: 0
2021/03/19-20:18:40.449272 70000b1db000                  Options.bottommost_compression_opts.enabled: false
2021/03/19-20:18:40.449273 70000b1db000            Options.compression_opts.window_bits: -14
2021/03/19-20:18:40.449274 70000b1db000                  Options.compression_opts.level: 32767
2021/03/19-20:18:40.449275 70000b1db000               Options.compression_opts.strategy: 0
2021/03/19-20:18:40.449276 70000b1db000         Options.compression_opts.max_dict_bytes: 0
2021/03/19-20:18:40.449276 70000b1db000         Options.compression_opts.zstd_max_train_bytes: 0
2021/03/19-20:18:40.449277 70000b1db000                  Options.compression_opts.enabled: false
2021/03/19-20:18:40.449278 70000b1db000      Options.level0_file_num_compaction_trigger: 4
2021/03/19-20:18:40.449279 70000b1db000          Options.level0_slowdown_writes_trigger: 20
2021/03/19-20:18:40.449280 70000b1db000              Options.level0_stop_writes_trigger: 36
2021/03/19-20:18:40.449307 70000b1db000                   Options.target_file_size_base: 67108864
2021/03/19-20:18:40.449309 70000b1db000             Options.target_file_size_multiplier: 1
2021/03/19-20:18:40.449310 70000b1db000                Options.max_bytes_for_level_base: 268435456
2021/03/19-20:18:40.449311 70000b1db000 Options.level_compaction_dynamic_level_bytes: 0
2021/03/19-20:18:40.449312 70000b1db000          Options.max_bytes_for_level_multiplier: 10.000000
2021/03/19-20:18:40.449313 70000b1db000 Options.max_bytes_for_level_multiplier_addtl[0]: 1
2021/03/19-20:18:40.449315 70000b1db000 Options.max_bytes_for_level_multiplier_addtl[1]: 1
2021/03/19-20:18:40.449316 70000b1db000 Options.max_bytes_for_level_multiplier_addtl[2]: 1
2021/03/19-20:18:40.449317 70000b1db000 Options.max_bytes_for_level_multiplier_addtl[3]: 1
2021/03/19-20:18:40.449319 70000b1db000 Options.max_bytes_for_level_multiplier_addtl[4]: 1
2021/03/19-20:18:40.449320 70000b1db000 Options.max_bytes_for_level_multiplier_addtl[5]: 1
2021/03/19-20:18:40.449322 70000b1db000 Options.max_bytes_for_level_multiplier_addtl[6]: 1
2021/03/19-20:18:40.449323 70000b1db000       Options.max_sequential_skip_in_iterations: 8
2021/03/19-20:18:40.449325 70000b1db000                    Options.max_compaction_bytes: 1677721600
2021/03/19-20:18:40.449326 70000b1db000                        Options.arena_block_size: 8388608
2021/03/19-20:18:40.449328 70000b1db000   Options.soft_pending_compaction_bytes_limit: 68719476736
2021/03/19-20:18:40.449329 70000b1db000   Options.hard_pending_compaction_bytes_limit: 274877906944
2021/03/19-20:18:40.449331 70000b1db000       Options.rate_limit_delay_max_milliseconds: 100
2021/03/19-20:18:40.449332 70000b1db000                Options.disable_auto_compactions: 1
2021/03/19-20:18:40.449333 70000b1db000                        Options.compaction_style: kCompactionStyleLevel
2021/03/19-20:18:40.449334 70000b1db000                          Options.compaction_pri: kMinOverlappingRatio
2021/03/19-20:18:40.449335 70000b1db000 Options.compaction_options_universal.size_ratio: 1
2021/03/19-20:18:40.449336 70000b1db000 Options.compaction_options_universal.min_merge_width: 2
2021/03/19-20:18:40.449337 70000b1db000 Options.compaction_options_universal.max_merge_width: 4294967295
2021/03/19-20:18:40.449338 70000b1db000 Options.compaction_options_universal.max_size_amplification_percent: 200
2021/03/19-20:18:40.449339 70000b1db000 Options.compaction_options_universal.compression_size_percent: -1
2021/03/19-20:18:40.449341 70000b1db000 Options.compaction_options_universal.stop_style: kCompactionStopStyleTotalSize
2021/03/19-20:18:40.449342 70000b1db000 Options.compaction_options_fifo.max_table_files_size: 1073741824
2021/03/19-20:18:40.449343 70000b1db000 Options.compaction_options_fifo.allow_compaction: 0
2021/03/19-20:18:40.449344 70000b1db000                   Options.table_properties_collectors: 
2021/03/19-20:18:40.449345 70000b1db000                   Options.inplace_update_support: 0
2021/03/19-20:18:40.449346 70000b1db000                 Options.inplace_update_num_locks: 10000
2021/03/19-20:18:40.449347 70000b1db000               Options.memtable_prefix_bloom_size_ratio: 0.000000
2021/03/19-20:18:40.449348 70000b1db000               Options.memtable_whole_key_filtering: 0
2021/03/19-20:18:40.449349 70000b1db000   Options.memtable_huge_page_size: 0
2021/03/19-20:18:40.449350 70000b1db000                           Options.bloom_locality: 0
2021/03/19-20:18:40.449351 70000b1db000                    Options.max_successive_merges: 0
2021/03/19-20:18:40.449352 70000b1db000                Options.optimize_filters_for_hits: 0
2021/03/19-20:18:40.449353 70000b1db000                Options.paranoid_file_checks: 0
2021/03/19-20:18:40.449354 70000b1db000                Options.force_consistency_checks: 0
2021/03/19-20:18:40.449355 70000b1db000                Options.report_bg_io_stats: 0
2021/03/19-20:18:40.449356 70000b1db000                               Options.ttl: 2592000
2021/03/19-20:18:40.449357 70000b1db000          Options.periodic_compaction_seconds: 0
2021/03/19-20:18:40.449427 70000b1db000 [lumn_family.cc:552] --------------- Options for column family []:
2021/03/19-20:18:40.449429 70000b1db000               Options.comparator: leveldb.BytewiseComparator
2021/03/19-20:18:40.449430 70000b1db000           Options.merge_operator: None
2021/03/19-20:18:40.449432 70000b1db000        Options.compaction_filter: None
2021/03/19-20:18:40.449433 70000b1db000        Options.compaction_filter_factory: None
2021/03/19-20:18:40.449434 70000b1db000         Options.memtable_factory: SkipListFactory
2021/03/19-20:18:40.449435 70000b1db000            Options.table_factory: BlockBasedTable
2021/03/19-20:18:40.449446 70000b1db000            table_factory options:   flush_block_policy_factory: FlushBlockBySizePolicyFactory (0x7fe7ffc34e60)
  cache_index_and_filter_blocks: 0
  cache_index_and_filter_blocks_with_high_priority: 1
  pin_l0_filter_and_index_blocks_in_cache: 0
  pin_top_level_index_and_filter: 1
  index_type: 0
  data_block_index_type: 0
  index_shortening: 1
  data_block_hash_table_util_ratio: 0.750000
  hash_index_allow_collision: 1
  checksum: 1
  no_block_cache: 0
  block_cache: 0x7fe7ffc34ea8
  block_cache_name: LRUCache
  block_cache_options:
    capacity : 8388608
    num_shard_bits : 4
    strict_capacity_limit : 0
    memory_allocator : None
    high_pri_pool_ratio: 0.000
  block_cache_compressed: 0x0
  persistent_cache: 0x0
  block_size: 4096
  block_size_deviation: 10
  block_restart_interval: 16
  index_block_restart_interval: 1
  metadata_block_size: 4096
  partition_filters: 0
  use_delta_encoding: 1
  filter_policy: nullptr
  whole_key_filtering: 1
  verify_compression: 0
  read_amp_bytes_per_bit: 0
  format_version: 2
  enable_index_compression: 1
  block_align: 0
2021/03/19-20:18:40.449449 70000b1db000        Options.write_buffer_size: 67108864
2021/03/19-20:18:40.449450 70000b1db000  Options.max_write_buffer_number: 2
2021/03/19-20:18:40.449451 70000b1db000          Options.compression: Snappy
2021/03/19-20:18:40.449452 70000b1db000                  Options.bottommost_compression: Disabled
2021/03/19-20:18:40.449453 70000b1db000       Options.prefix_extractor: nullptr
2021/03/19-20:18:40.449454 70000b1db000   Options.memtable_insert_with_hint_prefix_extractor: nullptr
2021/03/19-20:18:40.449455 70000b1db000             Options.num_levels: 7
2021/03/19-20:18:40.449456 70000b1db000        Options.min_write_buffer_number_to_merge: 1
2021/03/19-20:18:40.449457 70000b1db000     Options.max_write_buffer_number_to_maintain: 0
2021/03/19-20:18:40.449458 70000b1db000     Options.max_write_buffer_size_to_maintain: 134217728
2021/03/19-20:18:40.449459 70000b1db000            Options.bottommost_compression_opts.window_bits: -14
2021/03/19-20:18:40.449460 70000b1db000                  Options.bottommost_compression_opts.level: 32767
2021/03/19-20:18:40.449461 70000b1db000               Options.bottommost_compression_opts.strategy: 0
2021/03/19-20:18:40.449462 70000b1db000         Options.bottommost_compression_opts.max_dict_bytes: 0
2021/03/19-20:18:40.449463 70000b1db000         Options.bottommost_compression_opts.zstd_max_train_bytes: 0
2021/03/19-20:18:40.449464 70000b1db000                  Options.bottommost_compression_opts.enabled: false
2021/03/19-20:18:40.449465 70000b1db000            Options.compression_opts.window_bits: -14
2021/03/19-20:18:40.449466 70000b1db000                  Options.compression_opts.level: 32767
2021/03/19-20:18:40.449467 70000b1db000               Options.compression_opts.strategy: 0
2021/03/19-20:18:40.449468 70000b1db000         Options.compression_opts.max_dict_bytes: 0
2021/03/19-20:18:40.449469 70000b1db000         Options.compression_opts.zstd_max_train_bytes: 0
2021/03/19-20:18:40.449470 70000b1db000                  Options.compression_opts.enabled: false
2021/03/19-20:18:40.449471 70000b1db000      Options.level0_file_num_compaction_trigger: 4
2021/03/19-20:18:40.449472 70000b1db000          Options.level0_slowdown_writes_trigger: 20
2021/03/19-20:18:40.449473 70000b1db000              Options.level0_stop_writes_trigger: 36
2021/03/19-20:18:40.449490 70000b1db000                   Options.target_file_size_base: 67108864
2021/03/19-20:18:40.449491 70000b1db000             Options.target_file_size_multiplier: 1
2021/03/19-20:18:40.449492 70000b1db000                Options.max_bytes_for_level_base: 268435456
2021/03/19-20:18:40.449493 70000b1db000 Options.level_compaction_dynamic_level_bytes: 0
2021/03/19-20:18:40.449494 70000b1db000          Options.max_bytes_for_level_multiplier: 10.000000
2021/03/19-20:18:40.449495 70000b1db000 Options.max_bytes_for_level_multiplier_addtl[0]: 1
2021/03/19-20:18:40.449496 70000b1db000 Options.max_bytes_for_level_multiplier_addtl[1]: 1
2021/03/19-20:18:40.449497 70000b1db000 Options.max_bytes_for_level_multiplier_addtl[2]: 1
2021/03/19-20:18:40.449498 70000b1db000 Options.max_bytes_for_level_multiplier_addtl[3]: 1
2021/03/19-20:18:40.449499 70000b1db000 Options.max_bytes_for_level_multiplier_addtl[4]: 1
2021/03/19-20:18:40.449500 70000b1db000 Options.max_bytes_for_level_multiplier_addtl[5]: 1
2021/03/19-20:18:40.449501 70000b1db000 Options.max_bytes_for_level_multiplier_addtl[6]: 1
2021/03/19-20:18:40.449502 70000b1db000       Options.max_sequential_skip_in_iterations: 8
2021/03/19-20:18:40.449503 70000b1db000                    Options.max_compaction_bytes: 1677721600
2021/03/19-20:18:40.449504 70000b1db000                        Options.arena_block_size: 8388608
2021/03/19-20:18:40.449505 70000b1db000   Options.soft_pending_compaction_bytes_limit: 68719476736
2021/03/19-20:18:40.449506 70000b1db000   Options.hard_pending_compaction_bytes_limit: 274877906944
2021/03/19-20:18:40.449507 70000b1db000       Options.rate_limit_delay_max_milliseconds: 100
2021/03/19-20:18:40.449508 70000b1db000                Options.disable_auto_compactions: 1
2021/03/19-20:18:40.449509 70000b1db000                        Options.compaction_style: kCompactionStyleLevel
2021/03/19-20:18:40.449510 70000b1db000                          Options.compaction_pri: kMinOverlappingRatio
2021/03/19-20:18:40.449511 70000b1db000 Options.compaction_options_universal.size_ratio: 1
2021/03/19-20:18:40.449512 70000b1db000 Options.compaction_options_universal.min_merge_width: 2
2021/03/19-20:18:40.449513 70000b1db000 Options.compaction_options_universal.max_merge_width: 4294967295
2021/03/19-20:18:40.449514 70000b1db000 Options.compaction_options_universal.max_size_amplification_percent: 200
2021/03/19-20:18:40.449515 70000b1db000 Options.compaction_options_universal.compression_size_percent: -1
2021/03/19-20:18:40.449517 70000b1db000 Options.compaction_options_universal.stop_style: kCompactionStopStyleTotalSize
2021/03/19-20:18:40.449518 70000b1db000 Options.compaction_options_fifo.max_table_files_size: 1073741824
2021/03/19-20:18:40.449519 70000b1db000 Options.compaction_options_fifo.allow_compaction: 0
2021/03/19-20:18:40.449520 70000b1db000                   Options.table_properties_collectors: 
2021/03/19-20:18:40.449520 70000b1db000                   Options.inplace_update_support: 0
2021/03/19-20:18:40.449521 70000b1db000                 Options.inplace_update_num_locks: 10000
2021/03/19-20:18:40.449522 70000b1db000               Options.memtable_prefix_bloom_size_ratio: 0.000000
2021/03/19-20:18:40.449524 70000b1db000               Options.memtable_whole_key_filtering: 0
2021/03/19-20:18:40.449524 70000b1db000   Options.memtable_huge_page_size: 0
2021/03/19-20:18:40.449525 70000b1db000                           Options.bloom_locality: 0
2021/03/19-20:18:40.449526 70000b1db000                    Options.max_successive_merges: 0
2021/03/19-20:18:40.449527 70000b1db000                Options.optimize_filters_for_hits: 0
2021/03/19-20:18:40.449528 70000b1db000                Options.paranoid_file_checks: 0
2021/03/19-20:18:40.449529 70000b1db000                Options.force_consistency_checks: 0
2021/03/19-20:18:40.449530 70000b1db000                Options.report_bg_io_stats: 0
2021/03/19-20:18:40.449531 70000b1db000                               Options.ttl: 2592000
2021/03/19-20:18:40.449532 70000b1db000          Options.periodic_compaction_seconds: 0
2021/03/19-20:18:40.449589 70000b1db000 [lumn_family.cc:552] --------------- Options for column family []:
2021/03/19-20:18:40.449591 70000b1db000               Options.comparator: leveldb.BytewiseComparator
2021/03/19-20:18:40.449592 70000b1db000           Options.merge_operator: None
2021/03/19-20:18:40.449593 70000b1db000        Options.compaction_filter: None
2021/03/19-20:18:40.449594 70000b1db000        Options.compaction_filter_factory: None
2021/03/19-20:18:40.449595 70000b1db000         Options.memtable_factory: SkipListFactory
2021/03/19-20:18:40.449596 70000b1db000            Options.table_factory: BlockBasedTable
2021/03/19-20:18:40.449607 70000b1db000            table_factory options:   flush_block_policy_factory: FlushBlockBySizePolicyFactory (0x7fe7ffc35bf0)
  cache_index_and_filter_blocks: 0
  cache_index_and_filter_blocks_with_high_priority: 1
  pin_l0_filter_and_index_blocks_in_cache: 0
  pin_top_level_index_and_filter: 1
  index_type: 0
  data_block_index_type: 0
  index_shortening: 1
  data_block_hash_table_util_ratio: 0.750000
  hash_index_allow_collision: 1
  checksum: 1
  no_block_cache: 0
  block_cache: 0x7fe7ffc35c38
  block_cache_name: LRUCache
  block_cache_options:
    capacity : 8388608
    num_shard_bits : 4
    strict_capacity_limit : 0
    memory_allocator : None
    high_pri_pool_ratio: 0.000
  block_cache_compressed: 0x0
  persistent_cache: 0x0
  block_size: 4096
  block_size_deviation: 10
  block_restart_interval: 16
  index_block_restart_interval: 1
  metadata_block_size: 4096
  partition_filters: 0
  use_delta_encoding: 1
  filter_policy: nullptr
  whole_key_filtering: 1
  verify_compression: 0
  read_amp_bytes_per_bit: 0
  format_version: 2
  enable_index_compression: 1
  block_align: 0
2021/03/19-20:18:40.449609 70000b1db000        Options.write_buffer_size: 67108864
2021/03/19-20:18:40.449610 70000b1db000  Options.max_write_buffer_number: 2
2021/03/19-20:18:40.449611 70000b1db000          Options.compression: Snappy
2021/03/19-20:18:40.449612 70000b1db000                  Options.bottommost_compression: Disabled
2021/03/19-20:18:40.449613 70000b1db000       Options.prefix_extractor: nullptr
2021/03/19-20:18:40.449614 70000b1db000   Options.memtable_insert_with_hint_prefix_extractor: nullptr
2021/03/19-20:18:40.449615 70000b1db000             Options.num_levels: 7
2021/03/19-20:18:40.449616 70000b1db000        Options.min_write_buffer_number_to_merge: 1
2021/03/19-20:18:40.449617 70000b1db000     Options.max_write_buffer_number_to_maintain: 0
2021/03/19-20:18:40.449618 70000b1db000     Options.max_write_buffer_size_to_maintain: 134217728
2021/03/19-20:18:40.449619 70000b1db000            Options.bottommost_compression_opts.window_bits: -14
2021/03/19-20:18:40.449620 70000b1db000                  Options.bottommost_compression_opts.level: 32767
2021/03/19-20:18:40.449621 70000b1db000               Options.bottommost_compression_opts.strategy: 0
