2021/05/10-14:36:35.195334 70000ccef000 RocksDB version: 6.8.1
2021/05/10-14:36:35.195494 70000ccef000 Git sha rocksdb_build_git_sha:27e593fbe10efa5a562ca79b1939ffb69d25163f
2021/05/10-14:36:35.195500 70000ccef000 Compile date Apr 26 2020
2021/05/10-14:36:35.195504 70000ccef000 DB SUMMARY
2021/05/10-14:36:35.199615 70000ccef000 CURRENT file:  CURRENT
2021/05/10-14:36:35.199625 70000ccef000 IDENTITY file:  IDENTITY
2021/05/10-14:36:35.199655 70000ccef000 MANIFEST file:  MANIFEST-003050 size: 2297 Bytes
2021/05/10-14:36:35.199660 70000ccef000 SST files in /Users/akanit/Documents/GitHub/ProjectCE_coin/testBlockchain/testTruffle/PrivateBlockchain/node4/data/database dir, Total Num: 7, files: 003020.sst 003032.sst 003049.sst 003055.sst 003067.sst 003068.sst 003069.sst 
2021/05/10-14:36:35.199668 70000ccef000 Write Ahead Log file in /Users/akanit/Documents/GitHub/ProjectCE_coin/testBlockchain/testTruffle/PrivateBlockchain/node4/data/database: 000003.log size: 480932 ; 000031.log size: 1731344 ; 000048.log size: 2541010 ; 000065.log size: 2372414 ; 000082.log size: 629 ; 000102.log size: 629 ; 000118.log size: 629 ; 000134.log size: 629 ; 000150.log size: 579732 ; 000168.log size: 3236677 ; 000185.log size: 629 ; 000201.log size: 629 ; 000217.log size: 629 ; 000234.log size: 629 ; 000250.log size: 629 ; 000266.log size: 629 ; 000282.log size: 629 ; 000299.log size: 629 ; 000315.log size: 323995 ; 000332.log size: 16429513 ; 000349.log size: 3519648 ; 000370.log size: 2635963 ; 000387.log size: 629 ; 000407.log size: 46332 ; 000424.log size: 0 ; 000439.log size: 629 ; 000455.log size: 629 ; 000471.log size: 629 ; 000488.log size: 72763 ; 000505.log size: 468342 ; 000522.log size: 376912 ; 000539.log size: 195268 ; 000560.log size: 30245 ; 000577.log size: 3073 ; 000594.log size: 16295 ; 000611.log size: 629 ; 000631.log size: 7558244 ; 000648.log size: 18300159 ; 000665.log size: 4245810 ; 000682.log size: 64362 ; 000700.log size: 967277 ; 000720.log size: 663011 ; 000737.log size: 5212943 ; 000754.log size: 1155993 ; 000772.log size: 4309504 ; 000792.log size: 195368 ; 000809.log size: 70339 ; 000826.log size: 510399 ; 000844.log size: 137705 ; 000864.log size: 2679763 ; 000881.log size: 2306753 ; 000898.log size: 1436102 ; 000916.log size: 314380 ; 000936.log size: 3544429 ; 000953.log size: 4340724 ; 000970.log size: 542015 ; 000988.log size: 261654 ; 001008.log size: 5067946 ; 001025.log size: 6490989 ; 001042.log size: 762491 ; 001060.log size: 265345 ; 001080.log size: 18694 ; 001097.log size: 899007 ; 001114.log size: 1279711 ; 001132.log size: 640798 ; 001152.log size: 860976 ; 001169.log size: 331584 ; 001186.log size: 139022 ; 001204.log size: 1497469 ; 001224.log size: 224449 ; 001241.log size: 475912 ; 001258.log size: 629 ; 001275.log size: 279781 ; 001292.log size: 959261 ; 001312.log size: 229241 ; 001329.log size: 646754 ; 001347.log size: 140273 ; 001364.log size: 2187474 ; 001384.log size: 6545888 ; 001401.log size: 550257 ; 001419.log size: 104018 ; 001436.log size: 315858 ; 001456.log size: 469937 ; 001473.log size: 126915 ; 001491.log size: 3000379 ; 001508.log size: 4699246 ; 001528.log size: 5547541 ; 001545.log size: 929581 ; 001563.log size: 2892938 ; 001580.log size: 3665757 ; 001600.log size: 314655 ; 001617.log size: 100519 ; 001635.log size: 704571 ; 001652.log size: 587812 ; 001673.log size: 42761 ; 001690.log size: 69214 ; 001708.log size: 526472 ; 001725.log size: 2475718 ; 001746.log size: 5248045 ; 001763.log size: 1862035 ; 001781.log size: 1249385 ; 001798.log size: 48776 ; 001819.log size: 74066 ; 001836.log size: 87299 ; 001854.log size: 242987 ; 001871.log size: 334960 ; 001892.log size: 1676323 ; 001909.log size: 1999854 ; 001927.log size: 3381814 ; 001944.log size: 4748687 ; 001965.log size: 7148008 ; 001982.log size: 7069056 ; 002000.log size: 2830701 ; 002017.log size: 8418621 ; 002038.log size: 8382773 ; 002055.log size: 577047 ; 002073.log size: 7975868 ; 002090.log size: 941584 ; 002111.log size: 7373292 ; 002128.log size: 4302854 ; 002146.log size: 4313588 ; 002163.log size: 4576122 ; 002184.log size: 1391604 ; 002201.log size: 4169884 ; 002219.log size: 178728 ; 002236.log size: 2792198 ; 002257.log size: 142412 ; 002274.log size: 3082204 ; 002292.log size: 2233888 ; 002309.log size: 8913145 ; 002330.log size: 1436149 ; 002347.log size: 596057 ; 002365.log size: 603498 ; 002382.log size: 550532 ; 002403.log size: 1526308 ; 002420.log size: 534615 ; 002438.log size: 33157 ; 002455.log size: 1086002 ; 002476.log size: 1014464 ; 002493.log size: 7240733 ; 002511.log size: 5434161 ; 002528.log size: 3085834 ; 002549.log size: 1597339 ; 002566.log size: 3843843 ; 002584.log size: 8430658 ; 002601.log size: 389275 ; 002623.log size: 9742249 ; 002640.log size: 10108163 ; 002658.log size: 407347 ; 002675.log size: 8092216 ; 002697.log size: 5371995 ; 002714.log size: 6719690 ; 002732.log size: 14963264 ; 002749.log size: 19116544 ; 002771.log size: 4387732 ; 002788.log size: 3815472 ; 002806.log size: 4740267 ; 002823.log size: 8873071 ; 002845.log size: 71660 ; 002862.log size: 2454202 ; 002881.log size: 3002765 ; 002898.log size: 3035 ; 002920.log size: 290568 ; 002937.log size: 15071152 ; 002957.log size: 19291053 ; 002974.log size: 2805783 ; 002997.log size: 20754402 ; 003014.log size: 2611684 ; 003034.log size: 6990802 ; 003051.log size: 277981 ; 
2021/05/10-14:36:35.200072 70000ccef000                         Options.error_if_exists: 0
2021/05/10-14:36:35.200089 70000ccef000                       Options.create_if_missing: 1
2021/05/10-14:36:35.200093 70000ccef000                         Options.paranoid_checks: 1
2021/05/10-14:36:35.200095 70000ccef000                                     Options.env: 0x132d44a48
2021/05/10-14:36:35.200098 70000ccef000                                      Options.fs: Posix File System
2021/05/10-14:36:35.200100 70000ccef000                                Options.info_log: 0x7fec50b0ac60
2021/05/10-14:36:35.200102 70000ccef000                Options.max_file_opening_threads: 16
2021/05/10-14:36:35.200104 70000ccef000                              Options.statistics: 0x7fec50a05830
2021/05/10-14:36:35.200106 70000ccef000                               Options.use_fsync: 0
2021/05/10-14:36:35.200108 70000ccef000                       Options.max_log_file_size: 0
2021/05/10-14:36:35.200135 70000ccef000                  Options.max_manifest_file_size: 1073741824
2021/05/10-14:36:35.200138 70000ccef000                   Options.log_file_time_to_roll: 0
2021/05/10-14:36:35.200141 70000ccef000                       Options.keep_log_file_num: 1000
2021/05/10-14:36:35.200143 70000ccef000                    Options.recycle_log_file_num: 0
2021/05/10-14:36:35.200145 70000ccef000                         Options.allow_fallocate: 1
2021/05/10-14:36:35.200147 70000ccef000                        Options.allow_mmap_reads: 0
2021/05/10-14:36:35.200149 70000ccef000                       Options.allow_mmap_writes: 0
2021/05/10-14:36:35.200151 70000ccef000                        Options.use_direct_reads: 0
2021/05/10-14:36:35.200153 70000ccef000                        Options.use_direct_io_for_flush_and_compaction: 0
2021/05/10-14:36:35.200156 70000ccef000          Options.create_missing_column_families: 1
2021/05/10-14:36:35.200158 70000ccef000                              Options.db_log_dir: 
2021/05/10-14:36:35.200160 70000ccef000                                 Options.wal_dir: /Users/akanit/Documents/GitHub/ProjectCE_coin/testBlockchain/testTruffle/PrivateBlockchain/node4/data/database
2021/05/10-14:36:35.200163 70000ccef000                Options.table_cache_numshardbits: 6
2021/05/10-14:36:35.200165 70000ccef000                      Options.max_subcompactions: 1
2021/05/10-14:36:35.200167 70000ccef000                  Options.max_background_flushes: -1
2021/05/10-14:36:35.200169 70000ccef000                         Options.WAL_ttl_seconds: 0
2021/05/10-14:36:35.200171 70000ccef000                       Options.WAL_size_limit_MB: 0
2021/05/10-14:36:35.200173 70000ccef000                        Options.max_write_batch_group_size_bytes: 1048576
2021/05/10-14:36:35.200175 70000ccef000             Options.manifest_preallocation_size: 4194304
2021/05/10-14:36:35.200178 70000ccef000                     Options.is_fd_close_on_exec: 1
2021/05/10-14:36:35.200234 70000ccef000                   Options.advise_random_on_open: 1
2021/05/10-14:36:35.200238 70000ccef000                    Options.db_write_buffer_size: 0
2021/05/10-14:36:35.200240 70000ccef000                    Options.write_buffer_manager: 0x7fec50b0a5c0
2021/05/10-14:36:35.200242 70000ccef000         Options.access_hint_on_compaction_start: 1
2021/05/10-14:36:35.200244 70000ccef000  Options.new_table_reader_for_compaction_inputs: 0
2021/05/10-14:36:35.200246 70000ccef000           Options.random_access_max_buffer_size: 1048576
2021/05/10-14:36:35.200248 70000ccef000                      Options.use_adaptive_mutex: 0
2021/05/10-14:36:35.200250 70000ccef000                            Options.rate_limiter: 0x0
2021/05/10-14:36:35.200273 70000ccef000     Options.sst_file_manager.rate_bytes_per_sec: 0
2021/05/10-14:36:35.200283 70000ccef000                       Options.wal_recovery_mode: 2
2021/05/10-14:36:35.200286 70000ccef000                  Options.enable_thread_tracking: 0
2021/05/10-14:36:35.200288 70000ccef000                  Options.enable_pipelined_write: 0
2021/05/10-14:36:35.200290 70000ccef000                  Options.unordered_write: 0
2021/05/10-14:36:35.200293 70000ccef000         Options.allow_concurrent_memtable_write: 1
2021/05/10-14:36:35.200295 70000ccef000      Options.enable_write_thread_adaptive_yield: 1
2021/05/10-14:36:35.200297 70000ccef000             Options.write_thread_max_yield_usec: 100
2021/05/10-14:36:35.200303 70000ccef000            Options.write_thread_slow_yield_usec: 3
2021/05/10-14:36:35.200305 70000ccef000                               Options.row_cache: None
2021/05/10-14:36:35.200307 70000ccef000                              Options.wal_filter: None
2021/05/10-14:36:35.200314 70000ccef000             Options.avoid_flush_during_recovery: 0
2021/05/10-14:36:35.200317 70000ccef000             Options.allow_ingest_behind: 0
2021/05/10-14:36:35.200319 70000ccef000             Options.preserve_deletes: 0
2021/05/10-14:36:35.200321 70000ccef000             Options.two_write_queues: 0
2021/05/10-14:36:35.200323 70000ccef000             Options.manual_wal_flush: 0
2021/05/10-14:36:35.200325 70000ccef000             Options.atomic_flush: 0
2021/05/10-14:36:35.200327 70000ccef000             Options.avoid_unnecessary_blocking_io: 0
2021/05/10-14:36:35.200329 70000ccef000                 Options.persist_stats_to_disk: 0
2021/05/10-14:36:35.200332 70000ccef000                 Options.write_dbid_to_manifest: 0
2021/05/10-14:36:35.200334 70000ccef000                 Options.log_readahead_size: 0
2021/05/10-14:36:35.200337 70000ccef000                 Options.sst_file_checksum_func: Unknown
2021/05/10-14:36:35.200339 70000ccef000             Options.max_background_jobs: 2
2021/05/10-14:36:35.200341 70000ccef000             Options.max_background_compactions: 4
2021/05/10-14:36:35.200343 70000ccef000             Options.avoid_flush_during_shutdown: 0
2021/05/10-14:36:35.200345 70000ccef000           Options.writable_file_max_buffer_size: 1048576
2021/05/10-14:36:35.200348 70000ccef000             Options.delayed_write_rate : 16777216
2021/05/10-14:36:35.200350 70000ccef000             Options.max_total_wal_size: 0
2021/05/10-14:36:35.200352 70000ccef000             Options.delete_obsolete_files_period_micros: 21600000000
2021/05/10-14:36:35.200357 70000ccef000                   Options.stats_dump_period_sec: 600
2021/05/10-14:36:35.200429 70000ccef000                 Options.stats_persist_period_sec: 600
2021/05/10-14:36:35.200433 70000ccef000                 Options.stats_history_buffer_size: 1048576
2021/05/10-14:36:35.200435 70000ccef000                          Options.max_open_files: 1024
2021/05/10-14:36:35.200437 70000ccef000                          Options.bytes_per_sync: 0
2021/05/10-14:36:35.200438 70000ccef000                      Options.wal_bytes_per_sync: 0
2021/05/10-14:36:35.200460 70000ccef000                   Options.strict_bytes_per_sync: 0
2021/05/10-14:36:35.200465 70000ccef000       Options.compaction_readahead_size: 0
2021/05/10-14:36:35.200993 70000ccef000 Compression algorithms supported:
2021/05/10-14:36:35.201021 70000ccef000 	kZSTD supported: 1
2021/05/10-14:36:35.201026 70000ccef000 	kZlibCompression supported: 1
2021/05/10-14:36:35.201029 70000ccef000 	kXpressCompression supported: 0
2021/05/10-14:36:35.201031 70000ccef000 	kSnappyCompression supported: 1
2021/05/10-14:36:35.201034 70000ccef000 	kZSTDNotFinalCompression supported: 1
2021/05/10-14:36:35.201036 70000ccef000 	kLZ4HCCompression supported: 1
2021/05/10-14:36:35.201038 70000ccef000 	kLZ4Compression supported: 1
2021/05/10-14:36:35.201040 70000ccef000 	kBZip2Compression supported: 1
2021/05/10-14:36:35.201054 70000ccef000 Fast CRC32 supported: Not supported on x86
2021/05/10-14:36:35.202584 70000ccef000 [rsion_set.cc:4413] Recovering from manifest file: /Users/akanit/Documents/GitHub/ProjectCE_coin/testBlockchain/testTruffle/PrivateBlockchain/node4/data/database/MANIFEST-003050
2021/05/10-14:36:35.202839 70000ccef000 [lumn_family.cc:552] --------------- Options for column family [default]:
2021/05/10-14:36:35.202847 70000ccef000               Options.comparator: leveldb.BytewiseComparator
2021/05/10-14:36:35.202850 70000ccef000           Options.merge_operator: None
2021/05/10-14:36:35.202853 70000ccef000        Options.compaction_filter: None
2021/05/10-14:36:35.202855 70000ccef000        Options.compaction_filter_factory: None
2021/05/10-14:36:35.202857 70000ccef000         Options.memtable_factory: SkipListFactory
2021/05/10-14:36:35.202860 70000ccef000            Options.table_factory: BlockBasedTable
2021/05/10-14:36:35.202933 70000ccef000            table_factory options:   flush_block_policy_factory: FlushBlockBySizePolicyFactory (0x7fec504326a0)
  cache_index_and_filter_blocks: 0
  cache_index_and_filter_blocks_with_high_priority: 0
  pin_l0_filter_and_index_blocks_in_cache: 0
  pin_top_level_index_and_filter: 1
  index_type: 0
  data_block_index_type: 0
  index_shortening: 1
  data_block_hash_table_util_ratio: 0.750000
  hash_index_allow_collision: 1
  checksum: 1
  no_block_cache: 0
  block_cache: 0x7fec50431e08
  block_cache_name: LRUCache
  block_cache_options:
    capacity : 8388608
    num_shard_bits : 4
    strict_capacity_limit : 0
    memory_allocator : None
    high_pri_pool_ratio: 0.000
  block_cache_compressed: 0x0
  persistent_cache: 0x0
  block_size: 4096
  block_size_deviation: 10
  block_restart_interval: 16
  index_block_restart_interval: 1
  metadata_block_size: 4096
  partition_filters: 0
  use_delta_encoding: 1
  filter_policy: nullptr
  whole_key_filtering: 1
  verify_compression: 1
  read_amp_bytes_per_bit: 0
  format_version: 2
  enable_index_compression: 1
  block_align: 0
2021/05/10-14:36:35.202940 70000ccef000        Options.write_buffer_size: 67108864
2021/05/10-14:36:35.202943 70000ccef000  Options.max_write_buffer_number: 2
2021/05/10-14:36:35.202945 70000ccef000          Options.compression: Snappy
2021/05/10-14:36:35.202948 70000ccef000                  Options.bottommost_compression: Disabled
2021/05/10-14:36:35.202950 70000ccef000       Options.prefix_extractor: nullptr
2021/05/10-14:36:35.202953 70000ccef000   Options.memtable_insert_with_hint_prefix_extractor: nullptr
2021/05/10-14:36:35.202955 70000ccef000             Options.num_levels: 7
2021/05/10-14:36:35.202958 70000ccef000        Options.min_write_buffer_number_to_merge: 1
2021/05/10-14:36:35.202960 70000ccef000     Options.max_write_buffer_number_to_maintain: 0
2021/05/10-14:36:35.202962 70000ccef000     Options.max_write_buffer_size_to_maintain: 134217728
2021/05/10-14:36:35.202979 70000ccef000            Options.bottommost_compression_opts.window_bits: -14
2021/05/10-14:36:35.202982 70000ccef000                  Options.bottommost_compression_opts.level: 32767
2021/05/10-14:36:35.202984 70000ccef000               Options.bottommost_compression_opts.strategy: 0
2021/05/10-14:36:35.202986 70000ccef000         Options.bottommost_compression_opts.max_dict_bytes: 0
2021/05/10-14:36:35.202989 70000ccef000         Options.bottommost_compression_opts.zstd_max_train_bytes: 0
2021/05/10-14:36:35.203416 70000ccef000                  Options.bottommost_compression_opts.enabled: false
2021/05/10-14:36:35.203422 70000ccef000            Options.compression_opts.window_bits: -14
2021/05/10-14:36:35.203425 70000ccef000                  Options.compression_opts.level: 32767
2021/05/10-14:36:35.203427 70000ccef000               Options.compression_opts.strategy: 0
2021/05/10-14:36:35.203430 70000ccef000         Options.compression_opts.max_dict_bytes: 0
2021/05/10-14:36:35.203432 70000ccef000         Options.compression_opts.zstd_max_train_bytes: 0
2021/05/10-14:36:35.203434 70000ccef000                  Options.compression_opts.enabled: false
2021/05/10-14:36:35.203437 70000ccef000      Options.level0_file_num_compaction_trigger: 4
2021/05/10-14:36:35.203444 70000ccef000          Options.level0_slowdown_writes_trigger: 20
2021/05/10-14:36:35.203447 70000ccef000              Options.level0_stop_writes_trigger: 36
2021/05/10-14:36:35.203449 70000ccef000                   Options.target_file_size_base: 67108864
2021/05/10-14:36:35.203451 70000ccef000             Options.target_file_size_multiplier: 1
2021/05/10-14:36:35.203454 70000ccef000                Options.max_bytes_for_level_base: 268435456
2021/05/10-14:36:35.203456 70000ccef000 Options.level_compaction_dynamic_level_bytes: 0
2021/05/10-14:36:35.203458 70000ccef000          Options.max_bytes_for_level_multiplier: 10.000000
2021/05/10-14:36:35.203462 70000ccef000 Options.max_bytes_for_level_multiplier_addtl[0]: 1
2021/05/10-14:36:35.203464 70000ccef000 Options.max_bytes_for_level_multiplier_addtl[1]: 1
2021/05/10-14:36:35.203467 70000ccef000 Options.max_bytes_for_level_multiplier_addtl[2]: 1
2021/05/10-14:36:35.203469 70000ccef000 Options.max_bytes_for_level_multiplier_addtl[3]: 1
2021/05/10-14:36:35.203471 70000ccef000 Options.max_bytes_for_level_multiplier_addtl[4]: 1
2021/05/10-14:36:35.203473 70000ccef000 Options.max_bytes_for_level_multiplier_addtl[5]: 1
2021/05/10-14:36:35.203476 70000ccef000 Options.max_bytes_for_level_multiplier_addtl[6]: 1
2021/05/10-14:36:35.203478 70000ccef000       Options.max_sequential_skip_in_iterations: 8
2021/05/10-14:36:35.203480 70000ccef000                    Options.max_compaction_bytes: 1677721600
2021/05/10-14:36:35.203483 70000ccef000                        Options.arena_block_size: 8388608
2021/05/10-14:36:35.203485 70000ccef000   Options.soft_pending_compaction_bytes_limit: 68719476736
2021/05/10-14:36:35.203487 70000ccef000   Options.hard_pending_compaction_bytes_limit: 274877906944
2021/05/10-14:36:35.203490 70000ccef000       Options.rate_limit_delay_max_milliseconds: 100
2021/05/10-14:36:35.203492 70000ccef000                Options.disable_auto_compactions: 1
2021/05/10-14:36:35.203495 70000ccef000                        Options.compaction_style: kCompactionStyleLevel
2021/05/10-14:36:35.203497 70000ccef000                          Options.compaction_pri: kMinOverlappingRatio
2021/05/10-14:36:35.203500 70000ccef000 Options.compaction_options_universal.size_ratio: 1
2021/05/10-14:36:35.203502 70000ccef000 Options.compaction_options_universal.min_merge_width: 2
2021/05/10-14:36:35.203504 70000ccef000 Options.compaction_options_universal.max_merge_width: 4294967295
2021/05/10-14:36:35.203506 70000ccef000 Options.compaction_options_universal.max_size_amplification_percent: 200
2021/05/10-14:36:35.203509 70000ccef000 Options.compaction_options_universal.compression_size_percent: -1
2021/05/10-14:36:35.203513 70000ccef000 Options.compaction_options_universal.stop_style: kCompactionStopStyleTotalSize
2021/05/10-14:36:35.203515 70000ccef000 Options.compaction_options_fifo.max_table_files_size: 1073741824
2021/05/10-14:36:35.203517 70000ccef000 Options.compaction_options_fifo.allow_compaction: 0
2021/05/10-14:36:35.203519 70000ccef000                   Options.table_properties_collectors: 
2021/05/10-14:36:35.203521 70000ccef000                   Options.inplace_update_support: 0
2021/05/10-14:36:35.203524 70000ccef000                 Options.inplace_update_num_locks: 10000
2021/05/10-14:36:35.203788 70000ccef000               Options.memtable_prefix_bloom_size_ratio: 0.000000
2021/05/10-14:36:35.203796 70000ccef000               Options.memtable_whole_key_filtering: 0
2021/05/10-14:36:35.203799 70000ccef000   Options.memtable_huge_page_size: 0
2021/05/10-14:36:35.203801 70000ccef000                           Options.bloom_locality: 0
2021/05/10-14:36:35.203804 70000ccef000                    Options.max_successive_merges: 0
2021/05/10-14:36:35.203806 70000ccef000                Options.optimize_filters_for_hits: 0
2021/05/10-14:36:35.203808 70000ccef000                Options.paranoid_file_checks: 0
2021/05/10-14:36:35.203810 70000ccef000                Options.force_consistency_checks: 0
2021/05/10-14:36:35.203812 70000ccef000                Options.report_bg_io_stats: 0
2021/05/10-14:36:35.203815 70000ccef000                               Options.ttl: 2592000
2021/05/10-14:36:35.203817 70000ccef000          Options.periodic_compaction_seconds: 0
2021/05/10-14:36:35.205209 70000ccef000 [lumn_family.cc:552] --------------- Options for column family []:
2021/05/10-14:36:35.205224 70000ccef000               Options.comparator: leveldb.BytewiseComparator
2021/05/10-14:36:35.205231 70000ccef000           Options.merge_operator: None
2021/05/10-14:36:35.205236 70000ccef000        Options.compaction_filter: None
2021/05/10-14:36:35.205239 70000ccef000        Options.compaction_filter_factory: None
2021/05/10-14:36:35.205241 70000ccef000         Options.memtable_factory: SkipListFactory
2021/05/10-14:36:35.205247 70000ccef000            Options.table_factory: BlockBasedTable
2021/05/10-14:36:35.205353 70000ccef000            table_factory options:   flush_block_policy_factory: FlushBlockBySizePolicyFactory (0x7fec5042cc50)
  cache_index_and_filter_blocks: 0
  cache_index_and_filter_blocks_with_high_priority: 1
  pin_l0_filter_and_index_blocks_in_cache: 0
  pin_top_level_index_and_filter: 1
  index_type: 0
  data_block_index_type: 0
  index_shortening: 1
  data_block_hash_table_util_ratio: 0.750000
  hash_index_allow_collision: 1
  checksum: 1
  no_block_cache: 0
  block_cache: 0x7fec5042d168
  block_cache_name: LRUCache
  block_cache_options:
    capacity : 8388608
    num_shard_bits : 4
    strict_capacity_limit : 0
    memory_allocator : None
    high_pri_pool_ratio: 0.000
  block_cache_compressed: 0x0
  persistent_cache: 0x0
  block_size: 4096
  block_size_deviation: 10
  block_restart_interval: 16
  index_block_restart_interval: 1
  metadata_block_size: 4096
  partition_filters: 0
  use_delta_encoding: 1
  filter_policy: nullptr
  whole_key_filtering: 1
  verify_compression: 0
  read_amp_bytes_per_bit: 0
  format_version: 2
  enable_index_compression: 1
  block_align: 0
2021/05/10-14:36:35.205391 70000ccef000        Options.write_buffer_size: 67108864
2021/05/10-14:36:35.205408 70000ccef000  Options.max_write_buffer_number: 2
2021/05/10-14:36:35.205411 70000ccef000          Options.compression: Snappy
2021/05/10-14:36:35.205413 70000ccef000                  Options.bottommost_compression: Disabled
2021/05/10-14:36:35.205416 70000ccef000       Options.prefix_extractor: nullptr
2021/05/10-14:36:35.205418 70000ccef000   Options.memtable_insert_with_hint_prefix_extractor: nullptr
2021/05/10-14:36:35.205420 70000ccef000             Options.num_levels: 7
2021/05/10-14:36:35.205422 70000ccef000        Options.min_write_buffer_number_to_merge: 1
2021/05/10-14:36:35.205424 70000ccef000     Options.max_write_buffer_number_to_maintain: 0
2021/05/10-14:36:35.205426 70000ccef000     Options.max_write_buffer_size_to_maintain: 134217728
2021/05/10-14:36:35.205429 70000ccef000            Options.bottommost_compression_opts.window_bits: -14
2021/05/10-14:36:35.205431 70000ccef000                  Options.bottommost_compression_opts.level: 32767
2021/05/10-14:36:35.205433 70000ccef000               Options.bottommost_compression_opts.strategy: 0
2021/05/10-14:36:35.205438 70000ccef000         Options.bottommost_compression_opts.max_dict_bytes: 0
2021/05/10-14:36:35.205440 70000ccef000         Options.bottommost_compression_opts.zstd_max_train_bytes: 0
2021/05/10-14:36:35.205680 70000ccef000                  Options.bottommost_compression_opts.enabled: false
2021/05/10-14:36:35.205688 70000ccef000            Options.compression_opts.window_bits: -14
2021/05/10-14:36:35.205691 70000ccef000                  Options.compression_opts.level: 32767
2021/05/10-14:36:35.205693 70000ccef000               Options.compression_opts.strategy: 0
2021/05/10-14:36:35.205695 70000ccef000         Options.compression_opts.max_dict_bytes: 0
2021/05/10-14:36:35.205697 70000ccef000         Options.compression_opts.zstd_max_train_bytes: 0
2021/05/10-14:36:35.205699 70000ccef000                  Options.compression_opts.enabled: false
2021/05/10-14:36:35.205701 70000ccef000      Options.level0_file_num_compaction_trigger: 4
2021/05/10-14:36:35.205703 70000ccef000          Options.level0_slowdown_writes_trigger: 20
2021/05/10-14:36:35.205705 70000ccef000              Options.level0_stop_writes_trigger: 36
2021/05/10-14:36:35.205707 70000ccef000                   Options.target_file_size_base: 67108864
2021/05/10-14:36:35.205710 70000ccef000             Options.target_file_size_multiplier: 1
2021/05/10-14:36:35.205712 70000ccef000                Options.max_bytes_for_level_base: 268435456
2021/05/10-14:36:35.205714 70000ccef000 Options.level_compaction_dynamic_level_bytes: 0
2021/05/10-14:36:35.205716 70000ccef000          Options.max_bytes_for_level_multiplier: 10.000000
2021/05/10-14:36:35.205720 70000ccef000 Options.max_bytes_for_level_multiplier_addtl[0]: 1
2021/05/10-14:36:35.205722 70000ccef000 Options.max_bytes_for_level_multiplier_addtl[1]: 1
2021/05/10-14:36:35.205724 70000ccef000 Options.max_bytes_for_level_multiplier_addtl[2]: 1
2021/05/10-14:36:35.205727 70000ccef000 Options.max_bytes_for_level_multiplier_addtl[3]: 1
2021/05/10-14:36:35.205728 70000ccef000 Options.max_bytes_for_level_multiplier_addtl[4]: 1
2021/05/10-14:36:35.205731 70000ccef000 Options.max_bytes_for_level_multiplier_addtl[5]: 1
2021/05/10-14:36:35.205733 70000ccef000 Options.max_bytes_for_level_multiplier_addtl[6]: 1
2021/05/10-14:36:35.205735 70000ccef000       Options.max_sequential_skip_in_iterations: 8
2021/05/10-14:36:35.205737 70000ccef000                    Options.max_compaction_bytes: 1677721600
2021/05/10-14:36:35.205739 70000ccef000                        Options.arena_block_size: 8388608
2021/05/10-14:36:35.205741 70000ccef000   Options.soft_pending_compaction_bytes_limit: 68719476736
2021/05/10-14:36:35.205744 70000ccef000   Options.hard_pending_compaction_bytes_limit: 274877906944
2021/05/10-14:36:35.205746 70000ccef000       Options.rate_limit_delay_max_milliseconds: 100
2021/05/10-14:36:35.205748 70000ccef000                Options.disable_auto_compactions: 1
2021/05/10-14:36:35.205751 70000ccef000                        Options.compaction_style: kCompactionStyleLevel
2021/05/10-14:36:35.205753 70000ccef000                          Options.compaction_pri: kMinOverlappingRatio
2021/05/10-14:36:35.205756 70000ccef000 Options.compaction_options_universal.size_ratio: 1
2021/05/10-14:36:35.205758 70000ccef000 Options.compaction_options_universal.min_merge_width: 2
2021/05/10-14:36:35.205760 70000ccef000 Options.compaction_options_universal.max_merge_width: 4294967295
2021/05/10-14:36:35.205762 70000ccef000 Options.compaction_options_universal.max_size_amplification_percent: 200
2021/05/10-14:36:35.205765 70000ccef000 Options.compaction_options_universal.compression_size_percent: -1
2021/05/10-14:36:35.205769 70000ccef000 Options.compaction_options_universal.stop_style: kCompactionStopStyleTotalSize
2021/05/10-14:36:35.205771 70000ccef000 Options.compaction_options_fifo.max_table_files_size: 1073741824
2021/05/10-14:36:35.205774 70000ccef000 Options.compaction_options_fifo.allow_compaction: 0
2021/05/10-14:36:35.205776 70000ccef000                   Options.table_properties_collectors: 
2021/05/10-14:36:35.205778 70000ccef000                   Options.inplace_update_support: 0
2021/05/10-14:36:35.205780 70000ccef000                 Options.inplace_update_num_locks: 10000
2021/05/10-14:36:35.205831 70000ccef000               Options.memtable_prefix_bloom_size_ratio: 0.000000
2021/05/10-14:36:35.205836 70000ccef000               Options.memtable_whole_key_filtering: 0
2021/05/10-14:36:35.205838 70000ccef000   Options.memtable_huge_page_size: 0
2021/05/10-14:36:35.205841 70000ccef000                           Options.bloom_locality: 0
2021/05/10-14:36:35.205843 70000ccef000                    Options.max_successive_merges: 0
2021/05/10-14:36:35.205845 70000ccef000                Options.optimize_filters_for_hits: 0
2021/05/10-14:36:35.205847 70000ccef000                Options.paranoid_file_checks: 0
2021/05/10-14:36:35.205850 70000ccef000                Options.force_consistency_checks: 0
2021/05/10-14:36:35.205852 70000ccef000                Options.report_bg_io_stats: 0
2021/05/10-14:36:35.205854 70000ccef000                               Options.ttl: 2592000
2021/05/10-14:36:35.205856 70000ccef000          Options.periodic_compaction_seconds: 0
2021/05/10-14:36:35.206349 70000ccef000 [lumn_family.cc:552] --------------- Options for column family []:
2021/05/10-14:36:35.206357 70000ccef000               Options.comparator: leveldb.BytewiseComparator
2021/05/10-14:36:35.206360 70000ccef000           Options.merge_operator: None
2021/05/10-14:36:35.206362 70000ccef000        Options.compaction_filter: None
2021/05/10-14:36:35.206364 70000ccef000        Options.compaction_filter_factory: None
2021/05/10-14:36:35.206366 70000ccef000         Options.memtable_factory: SkipListFactory
2021/05/10-14:36:35.206368 70000ccef000            Options.table_factory: BlockBasedTable
2021/05/10-14:36:35.206398 70000ccef000            table_factory options:   flush_block_policy_factory: FlushBlockBySizePolicyFactory (0x7fec5042de30)
  cache_index_and_filter_blocks: 0
  cache_index_and_filter_blocks_with_high_priority: 1
  pin_l0_filter_and_index_blocks_in_cache: 0
  pin_top_level_index_and_filter: 1
  index_type: 0
  data_block_index_type: 0
  index_shortening: 1
  data_block_hash_table_util_ratio: 0.750000
  hash_index_allow_collision: 1
  checksum: 1
  no_block_cache: 0
  block_cache: 0x7fec5042de78
  block_cache_name: LRUCache
  block_cache_options:
    capacity : 8388608
    num_shard_bits : 4
    strict_capacity_limit : 0
    memory_allocator : None
    high_pri_pool_ratio: 0.000
  block_cache_compressed: 0x0
  persistent_cache: 0x0
  block_size: 4096
  block_size_deviation: 10
  block_restart_interval: 16
  index_block_restart_interval: 1
  metadata_block_size: 4096
  partition_filters: 0
  use_delta_encoding: 1
  filter_policy: nullptr
  whole_key_filtering: 1
  verify_compression: 0
  read_amp_bytes_per_bit: 0
  format_version: 2
  enable_index_compression: 1
  block_align: 0
2021/05/10-14:36:35.206409 70000ccef000        Options.write_buffer_size: 67108864
2021/05/10-14:36:35.206415 70000ccef000  Options.max_write_buffer_number: 2
2021/05/10-14:36:35.206418 70000ccef000          Options.compression: Snappy
2021/05/10-14:36:35.206421 70000ccef000                  Options.bottommost_compression: Disabled
2021/05/10-14:36:35.206423 70000ccef000       Options.prefix_extractor: nullptr
2021/05/10-14:36:35.206425 70000ccef000   Options.memtable_insert_with_hint_prefix_extractor: nullptr
2021/05/10-14:36:35.206428 70000ccef000             Options.num_levels: 7
2021/05/10-14:36:35.206430 70000ccef000        Options.min_write_buffer_number_to_merge: 1
2021/05/10-14:36:35.206432 70000ccef000     Options.max_write_buffer_number_to_maintain: 0
2021/05/10-14:36:35.206435 70000ccef000     Options.max_write_buffer_size_to_maintain: 134217728
2021/05/10-14:36:35.206437 70000ccef000            Options.bottommost_compression_opts.window_bits: -14
2021/05/10-14:36:35.206440 70000ccef000                  Options.bottommost_compression_opts.level: 32767
2021/05/10-14:36:35.206442 70000ccef000               Options.bottommost_compression_opts.strategy: 0
2021/05/10-14:36:35.206444 70000ccef000         Options.bottommost_compression_opts.max_dict_bytes: 0
2021/05/10-14:36:35.206447 70000ccef000         Options.bottommost_compression_opts.zstd_max_train_bytes: 0
2021/05/10-14:36:35.206602 70000ccef000                  Options.bottommost_compression_opts.enabled: false
2021/05/10-14:36:35.206607 70000ccef000            Options.compression_opts.window_bits: -14
2021/05/10-14:36:35.206609 70000ccef000                  Options.compression_opts.level: 32767
2021/05/10-14:36:35.206611 70000ccef000               Options.compression_opts.strategy: 0
2021/05/10-14:36:35.206612 70000ccef000         Options.compression_opts.max_dict_bytes: 0
2021/05/10-14:36:35.206614 70000ccef000         Options.compression_opts.zstd_max_train_bytes: 0
2021/05/10-14:36:35.206615 70000ccef000                  Options.compression_opts.enabled: false
2021/05/10-14:36:35.206616 70000ccef000      Options.level0_file_num_compaction_trigger: 4
2021/05/10-14:36:35.206618 70000ccef000          Options.level0_slowdown_writes_trigger: 20
2021/05/10-14:36:35.206619 70000ccef000              Options.level0_stop_writes_trigger: 36
2021/05/10-14:36:35.206620 70000ccef000                   Options.target_file_size_base: 67108864
2021/05/10-14:36:35.206622 70000ccef000             Options.target_file_size_multiplier: 1
2021/05/10-14:36:35.206623 70000ccef000                Options.max_bytes_for_level_base: 268435456
2021/05/10-14:36:35.206625 70000ccef000 Options.level_compaction_dynamic_level_bytes: 0
2021/05/10-14:36:35.206626 70000ccef000          Options.max_bytes_for_level_multiplier: 10.000000
2021/05/10-14:36:35.206628 70000ccef000 Options.max_bytes_for_level_multiplier_addtl[0]: 1
2021/05/10-14:36:35.206630 70000ccef000 Options.max_bytes_for_level_multiplier_addtl[1]: 1
2021/05/10-14:36:35.206631 70000ccef000 Options.max_bytes_for_level_multiplier_addtl[2]: 1
2021/05/10-14:36:35.206633 70000ccef000 Options.max_bytes_for_level_multiplier_addtl[3]: 1
2021/05/10-14:36:35.206634 70000ccef000 Options.max_bytes_for_level_multiplier_addtl[4]: 1
2021/05/10-14:36:35.206635 70000ccef000 Options.max_bytes_for_level_multiplier_addtl[5]: 1
2021/05/10-14:36:35.206637 70000ccef000 Options.max_bytes_for_level_multiplier_addtl[6]: 1
2021/05/10-14:36:35.206638 70000ccef000       Options.max_sequential_skip_in_iterations: 8
2021/05/10-14:36:35.206639 70000ccef000                    Options.max_compaction_bytes: 1677721600
2021/05/10-14:36:35.206641 70000ccef000                        Options.arena_block_size: 8388608
2021/05/10-14:36:35.206642 70000ccef000   Options.soft_pending_compaction_bytes_limit: 68719476736
2021/05/10-14:36:35.206644 70000ccef000   Options.hard_pending_compaction_bytes_limit: 274877906944
2021/05/10-14:36:35.206645 70000ccef000       Options.rate_limit_delay_max_milliseconds: 100
2021/05/10-14:36:35.206646 70000ccef000                Options.disable_auto_compactions: 1
2021/05/10-14:36:35.206648 70000ccef000                        Options.compaction_style: kCompactionStyleLevel
2021/05/10-14:36:35.206649 70000ccef000                          Options.compaction_pri: kMinOverlappingRatio
2021/05/10-14:36:35.206651 70000ccef000 Options.compaction_options_universal.size_ratio: 1
2021/05/10-14:36:35.206652 70000ccef000 Options.compaction_options_universal.min_merge_width: 2
2021/05/10-14:36:35.206653 70000ccef000 Options.compaction_options_universal.max_merge_width: 4294967295
2021/05/10-14:36:35.206655 70000ccef000 Options.compaction_options_universal.max_size_amplification_percent: 200
2021/05/10-14:36:35.206656 70000ccef000 Options.compaction_options_universal.compression_size_percent: -1
2021/05/10-14:36:35.206659 70000ccef000 Options.compaction_options_universal.stop_style: kCompactionStopStyleTotalSize
2021/05/10-14:36:35.206660 70000ccef000 Options.compaction_options_fifo.max_table_files_size: 1073741824
2021/05/10-14:36:35.206662 70000ccef000 Options.compaction_options_fifo.allow_compaction: 0
2021/05/10-14:36:35.206663 70000ccef000                   Options.table_properties_collectors: 
2021/05/10-14:36:35.206664 70000ccef000                   Options.inplace_update_support: 0
2021/05/10-14:36:35.206666 70000ccef000                 Options.inplace_update_num_locks: 10000
2021/05/10-14:36:35.206709 70000ccef000               Options.memtable_prefix_bloom_size_ratio: 0.000000
2021/05/10-14:36:35.206712 70000ccef000               Options.memtable_whole_key_filtering: 0
2021/05/10-14:36:35.206714 70000ccef000   Options.memtable_huge_page_size: 0
2021/05/10-14:36:35.206715 70000ccef000                           Options.bloom_locality: 0
2021/05/10-14:36:35.206717 70000ccef000                    Options.max_successive_merges: 0
2021/05/10-14:36:35.206718 70000ccef000                Options.optimize_filters_for_hits: 0
2021/05/10-14:36:35.206719 70000ccef000                Options.paranoid_file_checks: 0
2021/05/10-14:36:35.206720 70000ccef000                Options.force_consistency_checks: 0
2021/05/10-14:36:35.206722 70000ccef000                Options.report_bg_io_stats: 0
2021/05/10-14:36:35.206723 70000ccef000                               Options.ttl: 2592000
2021/05/10-14:36:35.206724 70000ccef000          Options.periodic_compaction_seconds: 0
2021/05/10-14:36:35.206832 70000ccef000 [lumn_family.cc:552] --------------- Options for column family []:
2021/05/10-14:36:35.206836 70000ccef000               Options.comparator: leveldb.BytewiseComparator
2021/05/10-14:36:35.206837 70000ccef000           Options.merge_operator: None
2021/05/10-14:36:35.206839 70000ccef000        Options.compaction_filter: None
2021/05/10-14:36:35.206840 70000ccef000        Options.compaction_filter_factory: None
2021/05/10-14:36:35.206842 70000ccef000         Options.memtable_factory: SkipListFactory
2021/05/10-14:36:35.206843 70000ccef000            Options.table_factory: BlockBasedTable
2021/05/10-14:36:35.207168 70000ccef000            table_factory options:   flush_block_policy_factory: FlushBlockBySizePolicyFactory (0x7fec5042ebc0)
  cache_index_and_filter_blocks: 0
  cache_index_and_filter_blocks_with_high_priority: 1
  pin_l0_filter_and_index_blocks_in_cache: 0
  pin_top_level_index_and_filter: 1
  index_type: 0
  data_block_index_type: 0
  index_shortening: 1
  data_block_hash_table_util_ratio: 0.750000
  hash_index_allow_collision: 1
  checksum: 1
  no_block_cache: 0
  block_cache: 0x7fec5042ec08
  block_cache_name: LRUCache
  block_cache_options:
    capacity : 8388608
    num_shard_bits : 4
    strict_capacity_limit : 0
    memory_allocator : None
    high_pri_pool_ratio: 0.000
  block_cache_compressed: 0x0
  persistent_cache: 0x0
  block_size: 4096
  block_size_deviation: 10
  block_restart_interval: 16
  index_block_restart_interval: 1
  metadata_block_size: 4096
  partition_filters: 0
  use_delta_encoding: 1
  filter_policy: nullptr
  whole_key_filtering: 1
  verify_compression: 0
  read_amp_bytes_per_bit: 0
  format_version: 2
  enable_index_compression: 1
  block_align: 0
2021/05/10-14:36:35.207176 70000ccef000        Options.write_buffer_size: 67108864
2021/05/10-14:36:35.207179 70000ccef000  Options.max_write_buffer_number: 2
2021/05/10-14:36:35.207181 70000ccef000          Options.compression: Snappy
