2021/03/05-01:49:41.484778 70000da60000 RocksDB version: 6.8.1
2021/03/05-01:49:41.484843 70000da60000 Git sha rocksdb_build_git_sha:27e593fbe10efa5a562ca79b1939ffb69d25163f
2021/03/05-01:49:41.484846 70000da60000 Compile date Apr 26 2020
2021/03/05-01:49:41.484848 70000da60000 DB SUMMARY
2021/03/05-01:49:41.485502 70000da60000 CURRENT file:  CURRENT
2021/03/05-01:49:41.485505 70000da60000 IDENTITY file:  IDENTITY
2021/03/05-01:49:41.485514 70000da60000 MANIFEST file:  MANIFEST-001311 size: 1214 Bytes
2021/03/05-01:49:41.485516 70000da60000 SST files in /Users/akanit/Documents/GitHub/ProjectCE_coin/testBlockchain/testTruffle/PrivateBlockchain/node4/data/database dir, Total Num: 6, files: 001264.sst 001273.sst 001290.sst 001296.sst 001309.sst 001310.sst 
2021/03/05-01:49:41.485519 70000da60000 Write Ahead Log file in /Users/akanit/Documents/GitHub/ProjectCE_coin/testBlockchain/testTruffle/PrivateBlockchain/node4/data/database: 000003.log size: 480932 ; 000031.log size: 1731344 ; 000048.log size: 2541010 ; 000065.log size: 2372414 ; 000082.log size: 629 ; 000102.log size: 629 ; 000118.log size: 629 ; 000134.log size: 629 ; 000150.log size: 579732 ; 000168.log size: 3236677 ; 000185.log size: 629 ; 000201.log size: 629 ; 000217.log size: 629 ; 000234.log size: 629 ; 000250.log size: 629 ; 000266.log size: 629 ; 000282.log size: 629 ; 000299.log size: 629 ; 000315.log size: 323995 ; 000332.log size: 16429513 ; 000349.log size: 3519648 ; 000370.log size: 2635963 ; 000387.log size: 629 ; 000407.log size: 46332 ; 000424.log size: 0 ; 000439.log size: 629 ; 000455.log size: 629 ; 000471.log size: 629 ; 000488.log size: 72763 ; 000505.log size: 468342 ; 000522.log size: 376912 ; 000539.log size: 195268 ; 000560.log size: 30245 ; 000577.log size: 3073 ; 000594.log size: 16295 ; 000611.log size: 629 ; 000631.log size: 7558244 ; 000648.log size: 18300159 ; 000665.log size: 4245810 ; 000682.log size: 64362 ; 000700.log size: 967277 ; 000720.log size: 663011 ; 000737.log size: 5212943 ; 000754.log size: 1155993 ; 000772.log size: 4309504 ; 000792.log size: 195368 ; 000809.log size: 70339 ; 000826.log size: 510399 ; 000844.log size: 137705 ; 000864.log size: 2679763 ; 000881.log size: 2306753 ; 000898.log size: 1436102 ; 000916.log size: 314380 ; 000936.log size: 3544429 ; 000953.log size: 4340724 ; 000970.log size: 542015 ; 000988.log size: 261654 ; 001008.log size: 5067946 ; 001025.log size: 6490989 ; 001042.log size: 762491 ; 001060.log size: 265345 ; 001080.log size: 18694 ; 001097.log size: 899007 ; 001114.log size: 1279711 ; 001132.log size: 640798 ; 001152.log size: 860976 ; 001169.log size: 331584 ; 001186.log size: 139022 ; 001204.log size: 1497469 ; 001224.log size: 224449 ; 001241.log size: 475912 ; 001258.log size: 629 ; 001275.log size: 279781 ; 001292.log size: 959261 ; 001312.log size: 229241 ; 
2021/03/05-01:49:41.485531 70000da60000                         Options.error_if_exists: 0
2021/03/05-01:49:41.485534 70000da60000                       Options.create_if_missing: 1
2021/03/05-01:49:41.485535 70000da60000                         Options.paranoid_checks: 1
2021/03/05-01:49:41.485536 70000da60000                                     Options.env: 0x1294c4a48
2021/03/05-01:49:41.485537 70000da60000                                      Options.fs: Posix File System
2021/03/05-01:49:41.485538 70000da60000                                Options.info_log: 0x7f9ba4ed3be0
2021/03/05-01:49:41.485539 70000da60000                Options.max_file_opening_threads: 16
2021/03/05-01:49:41.485540 70000da60000                              Options.statistics: 0x7f9ba4bb88a0
2021/03/05-01:49:41.485540 70000da60000                               Options.use_fsync: 0
2021/03/05-01:49:41.485541 70000da60000                       Options.max_log_file_size: 0
2021/03/05-01:49:41.485542 70000da60000                  Options.max_manifest_file_size: 1073741824
2021/03/05-01:49:41.485543 70000da60000                   Options.log_file_time_to_roll: 0
2021/03/05-01:49:41.485544 70000da60000                       Options.keep_log_file_num: 1000
2021/03/05-01:49:41.485545 70000da60000                    Options.recycle_log_file_num: 0
2021/03/05-01:49:41.485568 70000da60000                         Options.allow_fallocate: 1
2021/03/05-01:49:41.485569 70000da60000                        Options.allow_mmap_reads: 0
2021/03/05-01:49:41.485570 70000da60000                       Options.allow_mmap_writes: 0
2021/03/05-01:49:41.485571 70000da60000                        Options.use_direct_reads: 0
2021/03/05-01:49:41.485571 70000da60000                        Options.use_direct_io_for_flush_and_compaction: 0
2021/03/05-01:49:41.485572 70000da60000          Options.create_missing_column_families: 1
2021/03/05-01:49:41.485573 70000da60000                              Options.db_log_dir: 
2021/03/05-01:49:41.485574 70000da60000                                 Options.wal_dir: /Users/akanit/Documents/GitHub/ProjectCE_coin/testBlockchain/testTruffle/PrivateBlockchain/node4/data/database
2021/03/05-01:49:41.485575 70000da60000                Options.table_cache_numshardbits: 6
2021/03/05-01:49:41.485576 70000da60000                      Options.max_subcompactions: 1
2021/03/05-01:49:41.485577 70000da60000                  Options.max_background_flushes: -1
2021/03/05-01:49:41.485578 70000da60000                         Options.WAL_ttl_seconds: 0
2021/03/05-01:49:41.485579 70000da60000                       Options.WAL_size_limit_MB: 0
2021/03/05-01:49:41.485580 70000da60000                        Options.max_write_batch_group_size_bytes: 1048576
2021/03/05-01:49:41.485581 70000da60000             Options.manifest_preallocation_size: 4194304
2021/03/05-01:49:41.485581 70000da60000                     Options.is_fd_close_on_exec: 1
2021/03/05-01:49:41.485582 70000da60000                   Options.advise_random_on_open: 1
2021/03/05-01:49:41.485583 70000da60000                    Options.db_write_buffer_size: 0
2021/03/05-01:49:41.485584 70000da60000                    Options.write_buffer_manager: 0x7f9ba4ed3510
2021/03/05-01:49:41.485585 70000da60000         Options.access_hint_on_compaction_start: 1
2021/03/05-01:49:41.485586 70000da60000  Options.new_table_reader_for_compaction_inputs: 0
2021/03/05-01:49:41.485587 70000da60000           Options.random_access_max_buffer_size: 1048576
2021/03/05-01:49:41.485587 70000da60000                      Options.use_adaptive_mutex: 0
2021/03/05-01:49:41.485588 70000da60000                            Options.rate_limiter: 0x0
2021/03/05-01:49:41.485591 70000da60000     Options.sst_file_manager.rate_bytes_per_sec: 0
2021/03/05-01:49:41.485592 70000da60000                       Options.wal_recovery_mode: 2
2021/03/05-01:49:41.485593 70000da60000                  Options.enable_thread_tracking: 0
2021/03/05-01:49:41.485594 70000da60000                  Options.enable_pipelined_write: 0
2021/03/05-01:49:41.485595 70000da60000                  Options.unordered_write: 0
2021/03/05-01:49:41.485595 70000da60000         Options.allow_concurrent_memtable_write: 1
2021/03/05-01:49:41.485596 70000da60000      Options.enable_write_thread_adaptive_yield: 1
2021/03/05-01:49:41.485597 70000da60000             Options.write_thread_max_yield_usec: 100
2021/03/05-01:49:41.485598 70000da60000            Options.write_thread_slow_yield_usec: 3
2021/03/05-01:49:41.485599 70000da60000                               Options.row_cache: None
2021/03/05-01:49:41.485600 70000da60000                              Options.wal_filter: None
2021/03/05-01:49:41.485601 70000da60000             Options.avoid_flush_during_recovery: 0
2021/03/05-01:49:41.485601 70000da60000             Options.allow_ingest_behind: 0
2021/03/05-01:49:41.485602 70000da60000             Options.preserve_deletes: 0
2021/03/05-01:49:41.485603 70000da60000             Options.two_write_queues: 0
2021/03/05-01:49:41.485604 70000da60000             Options.manual_wal_flush: 0
2021/03/05-01:49:41.485605 70000da60000             Options.atomic_flush: 0
2021/03/05-01:49:41.485606 70000da60000             Options.avoid_unnecessary_blocking_io: 0
2021/03/05-01:49:41.485606 70000da60000                 Options.persist_stats_to_disk: 0
2021/03/05-01:49:41.485607 70000da60000                 Options.write_dbid_to_manifest: 0
2021/03/05-01:49:41.485621 70000da60000                 Options.log_readahead_size: 0
2021/03/05-01:49:41.485622 70000da60000                 Options.sst_file_checksum_func: Unknown
2021/03/05-01:49:41.485623 70000da60000             Options.max_background_jobs: 2
2021/03/05-01:49:41.485624 70000da60000             Options.max_background_compactions: 4
2021/03/05-01:49:41.485625 70000da60000             Options.avoid_flush_during_shutdown: 0
2021/03/05-01:49:41.485626 70000da60000           Options.writable_file_max_buffer_size: 1048576
2021/03/05-01:49:41.485627 70000da60000             Options.delayed_write_rate : 16777216
2021/03/05-01:49:41.485628 70000da60000             Options.max_total_wal_size: 0
2021/03/05-01:49:41.485629 70000da60000             Options.delete_obsolete_files_period_micros: 21600000000
2021/03/05-01:49:41.485630 70000da60000                   Options.stats_dump_period_sec: 600
2021/03/05-01:49:41.485630 70000da60000                 Options.stats_persist_period_sec: 600
2021/03/05-01:49:41.485631 70000da60000                 Options.stats_history_buffer_size: 1048576
2021/03/05-01:49:41.485632 70000da60000                          Options.max_open_files: 1024
2021/03/05-01:49:41.485633 70000da60000                          Options.bytes_per_sync: 0
2021/03/05-01:49:41.485634 70000da60000                      Options.wal_bytes_per_sync: 0
2021/03/05-01:49:41.485636 70000da60000                   Options.strict_bytes_per_sync: 0
2021/03/05-01:49:41.485637 70000da60000       Options.compaction_readahead_size: 0
2021/03/05-01:49:41.485638 70000da60000 Compression algorithms supported:
2021/03/05-01:49:41.485641 70000da60000 	kZSTD supported: 1
2021/03/05-01:49:41.485643 70000da60000 	kZlibCompression supported: 1
2021/03/05-01:49:41.485644 70000da60000 	kXpressCompression supported: 0
2021/03/05-01:49:41.485645 70000da60000 	kSnappyCompression supported: 1
2021/03/05-01:49:41.485646 70000da60000 	kZSTDNotFinalCompression supported: 1
2021/03/05-01:49:41.485647 70000da60000 	kLZ4HCCompression supported: 1
2021/03/05-01:49:41.485648 70000da60000 	kLZ4Compression supported: 1
2021/03/05-01:49:41.485649 70000da60000 	kBZip2Compression supported: 1
2021/03/05-01:49:41.485653 70000da60000 Fast CRC32 supported: Not supported on x86
2021/03/05-01:49:41.486193 70000da60000 [rsion_set.cc:4413] Recovering from manifest file: /Users/akanit/Documents/GitHub/ProjectCE_coin/testBlockchain/testTruffle/PrivateBlockchain/node4/data/database/MANIFEST-001311
2021/03/05-01:49:41.486289 70000da60000 [lumn_family.cc:552] --------------- Options for column family [default]:
2021/03/05-01:49:41.486292 70000da60000               Options.comparator: leveldb.BytewiseComparator
2021/03/05-01:49:41.486293 70000da60000           Options.merge_operator: None
2021/03/05-01:49:41.486294 70000da60000        Options.compaction_filter: None
2021/03/05-01:49:41.486295 70000da60000        Options.compaction_filter_factory: None
2021/03/05-01:49:41.486296 70000da60000         Options.memtable_factory: SkipListFactory
2021/03/05-01:49:41.486297 70000da60000            Options.table_factory: BlockBasedTable
2021/03/05-01:49:41.486317 70000da60000            table_factory options:   flush_block_policy_factory: FlushBlockBySizePolicyFactory (0x7f9ba4ab0ed0)
  cache_index_and_filter_blocks: 0
  cache_index_and_filter_blocks_with_high_priority: 0
  pin_l0_filter_and_index_blocks_in_cache: 0
  pin_top_level_index_and_filter: 1
  index_type: 0
  data_block_index_type: 0
  index_shortening: 1
  data_block_hash_table_util_ratio: 0.750000
  hash_index_allow_collision: 1
  checksum: 1
  no_block_cache: 0
  block_cache: 0x7f9ba49df338
  block_cache_name: LRUCache
  block_cache_options:
    capacity : 8388608
    num_shard_bits : 4
    strict_capacity_limit : 0
    memory_allocator : None
    high_pri_pool_ratio: 0.000
  block_cache_compressed: 0x0
  persistent_cache: 0x0
  block_size: 4096
  block_size_deviation: 10
  block_restart_interval: 16
  index_block_restart_interval: 1
  metadata_block_size: 4096
  partition_filters: 0
  use_delta_encoding: 1
  filter_policy: nullptr
  whole_key_filtering: 1
  verify_compression: 1
  read_amp_bytes_per_bit: 0
  format_version: 2
  enable_index_compression: 1
  block_align: 0
2021/03/05-01:49:41.486343 70000da60000        Options.write_buffer_size: 67108864
2021/03/05-01:49:41.486345 70000da60000  Options.max_write_buffer_number: 2
2021/03/05-01:49:41.486346 70000da60000          Options.compression: Snappy
2021/03/05-01:49:41.486347 70000da60000                  Options.bottommost_compression: Disabled
2021/03/05-01:49:41.486348 70000da60000       Options.prefix_extractor: nullptr
2021/03/05-01:49:41.486349 70000da60000   Options.memtable_insert_with_hint_prefix_extractor: nullptr
2021/03/05-01:49:41.486350 70000da60000             Options.num_levels: 7
2021/03/05-01:49:41.486352 70000da60000        Options.min_write_buffer_number_to_merge: 1
2021/03/05-01:49:41.486353 70000da60000     Options.max_write_buffer_number_to_maintain: 0
2021/03/05-01:49:41.486354 70000da60000     Options.max_write_buffer_size_to_maintain: 134217728
2021/03/05-01:49:41.486355 70000da60000            Options.bottommost_compression_opts.window_bits: -14
2021/03/05-01:49:41.486356 70000da60000                  Options.bottommost_compression_opts.level: 32767
2021/03/05-01:49:41.486357 70000da60000               Options.bottommost_compression_opts.strategy: 0
2021/03/05-01:49:41.486358 70000da60000         Options.bottommost_compression_opts.max_dict_bytes: 0
2021/03/05-01:49:41.486359 70000da60000         Options.bottommost_compression_opts.zstd_max_train_bytes: 0
2021/03/05-01:49:41.486360 70000da60000                  Options.bottommost_compression_opts.enabled: false
2021/03/05-01:49:41.486361 70000da60000            Options.compression_opts.window_bits: -14
2021/03/05-01:49:41.486363 70000da60000                  Options.compression_opts.level: 32767
2021/03/05-01:49:41.486364 70000da60000               Options.compression_opts.strategy: 0
2021/03/05-01:49:41.486365 70000da60000         Options.compression_opts.max_dict_bytes: 0
2021/03/05-01:49:41.486366 70000da60000         Options.compression_opts.zstd_max_train_bytes: 0
2021/03/05-01:49:41.486367 70000da60000                  Options.compression_opts.enabled: false
2021/03/05-01:49:41.486368 70000da60000      Options.level0_file_num_compaction_trigger: 4
2021/03/05-01:49:41.486371 70000da60000          Options.level0_slowdown_writes_trigger: 20
2021/03/05-01:49:41.486372 70000da60000              Options.level0_stop_writes_trigger: 36
2021/03/05-01:49:41.486373 70000da60000                   Options.target_file_size_base: 67108864
2021/03/05-01:49:41.486374 70000da60000             Options.target_file_size_multiplier: 1
2021/03/05-01:49:41.486375 70000da60000                Options.max_bytes_for_level_base: 268435456
2021/03/05-01:49:41.486376 70000da60000 Options.level_compaction_dynamic_level_bytes: 0
2021/03/05-01:49:41.486377 70000da60000          Options.max_bytes_for_level_multiplier: 10.000000
2021/03/05-01:49:41.486378 70000da60000 Options.max_bytes_for_level_multiplier_addtl[0]: 1
2021/03/05-01:49:41.486379 70000da60000 Options.max_bytes_for_level_multiplier_addtl[1]: 1
2021/03/05-01:49:41.486380 70000da60000 Options.max_bytes_for_level_multiplier_addtl[2]: 1
2021/03/05-01:49:41.486381 70000da60000 Options.max_bytes_for_level_multiplier_addtl[3]: 1
2021/03/05-01:49:41.486382 70000da60000 Options.max_bytes_for_level_multiplier_addtl[4]: 1
2021/03/05-01:49:41.486383 70000da60000 Options.max_bytes_for_level_multiplier_addtl[5]: 1
2021/03/05-01:49:41.486383 70000da60000 Options.max_bytes_for_level_multiplier_addtl[6]: 1
2021/03/05-01:49:41.486384 70000da60000       Options.max_sequential_skip_in_iterations: 8
2021/03/05-01:49:41.486385 70000da60000                    Options.max_compaction_bytes: 1677721600
2021/03/05-01:49:41.486386 70000da60000                        Options.arena_block_size: 8388608
2021/03/05-01:49:41.486387 70000da60000   Options.soft_pending_compaction_bytes_limit: 68719476736
2021/03/05-01:49:41.486388 70000da60000   Options.hard_pending_compaction_bytes_limit: 274877906944
2021/03/05-01:49:41.486403 70000da60000       Options.rate_limit_delay_max_milliseconds: 100
2021/03/05-01:49:41.486404 70000da60000                Options.disable_auto_compactions: 1
2021/03/05-01:49:41.486405 70000da60000                        Options.compaction_style: kCompactionStyleLevel
2021/03/05-01:49:41.486406 70000da60000                          Options.compaction_pri: kMinOverlappingRatio
2021/03/05-01:49:41.486407 70000da60000 Options.compaction_options_universal.size_ratio: 1
2021/03/05-01:49:41.486408 70000da60000 Options.compaction_options_universal.min_merge_width: 2
2021/03/05-01:49:41.486409 70000da60000 Options.compaction_options_universal.max_merge_width: 4294967295
2021/03/05-01:49:41.486410 70000da60000 Options.compaction_options_universal.max_size_amplification_percent: 200
2021/03/05-01:49:41.486411 70000da60000 Options.compaction_options_universal.compression_size_percent: -1
2021/03/05-01:49:41.486412 70000da60000 Options.compaction_options_universal.stop_style: kCompactionStopStyleTotalSize
2021/03/05-01:49:41.486413 70000da60000 Options.compaction_options_fifo.max_table_files_size: 1073741824
2021/03/05-01:49:41.486414 70000da60000 Options.compaction_options_fifo.allow_compaction: 0
2021/03/05-01:49:41.486415 70000da60000                   Options.table_properties_collectors: 
2021/03/05-01:49:41.486416 70000da60000                   Options.inplace_update_support: 0
2021/03/05-01:49:41.486417 70000da60000                 Options.inplace_update_num_locks: 10000
2021/03/05-01:49:41.486418 70000da60000               Options.memtable_prefix_bloom_size_ratio: 0.000000
2021/03/05-01:49:41.486419 70000da60000               Options.memtable_whole_key_filtering: 0
2021/03/05-01:49:41.486419 70000da60000   Options.memtable_huge_page_size: 0
2021/03/05-01:49:41.486420 70000da60000                           Options.bloom_locality: 0
2021/03/05-01:49:41.486421 70000da60000                    Options.max_successive_merges: 0
2021/03/05-01:49:41.486422 70000da60000                Options.optimize_filters_for_hits: 0
2021/03/05-01:49:41.486423 70000da60000                Options.paranoid_file_checks: 0
2021/03/05-01:49:41.486424 70000da60000                Options.force_consistency_checks: 0
2021/03/05-01:49:41.486425 70000da60000                Options.report_bg_io_stats: 0
2021/03/05-01:49:41.486425 70000da60000                               Options.ttl: 2592000
2021/03/05-01:49:41.486426 70000da60000          Options.periodic_compaction_seconds: 0
2021/03/05-01:49:41.486876 70000da60000 [lumn_family.cc:552] --------------- Options for column family []:
2021/03/05-01:49:41.486880 70000da60000               Options.comparator: leveldb.BytewiseComparator
2021/03/05-01:49:41.486882 70000da60000           Options.merge_operator: None
2021/03/05-01:49:41.486883 70000da60000        Options.compaction_filter: None
2021/03/05-01:49:41.486884 70000da60000        Options.compaction_filter_factory: None
2021/03/05-01:49:41.486885 70000da60000         Options.memtable_factory: SkipListFactory
2021/03/05-01:49:41.486886 70000da60000            Options.table_factory: BlockBasedTable
2021/03/05-01:49:41.486898 70000da60000            table_factory options:   flush_block_policy_factory: FlushBlockBySizePolicyFactory (0x7f9ba4ecedf0)
  cache_index_and_filter_blocks: 0
  cache_index_and_filter_blocks_with_high_priority: 1
  pin_l0_filter_and_index_blocks_in_cache: 0
  pin_top_level_index_and_filter: 1
  index_type: 0
  data_block_index_type: 0
  index_shortening: 1
  data_block_hash_table_util_ratio: 0.750000
  hash_index_allow_collision: 1
  checksum: 1
  no_block_cache: 0
  block_cache: 0x7f9ba4ecf958
  block_cache_name: LRUCache
  block_cache_options:
    capacity : 8388608
    num_shard_bits : 4
    strict_capacity_limit : 0
    memory_allocator : None
    high_pri_pool_ratio: 0.000
  block_cache_compressed: 0x0
  persistent_cache: 0x0
  block_size: 4096
  block_size_deviation: 10
  block_restart_interval: 16
  index_block_restart_interval: 1
  metadata_block_size: 4096
  partition_filters: 0
  use_delta_encoding: 1
  filter_policy: nullptr
  whole_key_filtering: 1
  verify_compression: 0
  read_amp_bytes_per_bit: 0
  format_version: 2
  enable_index_compression: 1
  block_align: 0
2021/03/05-01:49:41.486923 70000da60000        Options.write_buffer_size: 67108864
2021/03/05-01:49:41.486924 70000da60000  Options.max_write_buffer_number: 2
2021/03/05-01:49:41.486925 70000da60000          Options.compression: Snappy
2021/03/05-01:49:41.486926 70000da60000                  Options.bottommost_compression: Disabled
2021/03/05-01:49:41.486927 70000da60000       Options.prefix_extractor: nullptr
2021/03/05-01:49:41.486928 70000da60000   Options.memtable_insert_with_hint_prefix_extractor: nullptr
2021/03/05-01:49:41.486929 70000da60000             Options.num_levels: 7
2021/03/05-01:49:41.486930 70000da60000        Options.min_write_buffer_number_to_merge: 1
2021/03/05-01:49:41.486931 70000da60000     Options.max_write_buffer_number_to_maintain: 0
2021/03/05-01:49:41.486932 70000da60000     Options.max_write_buffer_size_to_maintain: 134217728
2021/03/05-01:49:41.486933 70000da60000            Options.bottommost_compression_opts.window_bits: -14
2021/03/05-01:49:41.486934 70000da60000                  Options.bottommost_compression_opts.level: 32767
2021/03/05-01:49:41.486935 70000da60000               Options.bottommost_compression_opts.strategy: 0
2021/03/05-01:49:41.486936 70000da60000         Options.bottommost_compression_opts.max_dict_bytes: 0
2021/03/05-01:49:41.486937 70000da60000         Options.bottommost_compression_opts.zstd_max_train_bytes: 0
2021/03/05-01:49:41.486937 70000da60000                  Options.bottommost_compression_opts.enabled: false
2021/03/05-01:49:41.486938 70000da60000            Options.compression_opts.window_bits: -14
2021/03/05-01:49:41.486939 70000da60000                  Options.compression_opts.level: 32767
2021/03/05-01:49:41.486940 70000da60000               Options.compression_opts.strategy: 0
2021/03/05-01:49:41.486941 70000da60000         Options.compression_opts.max_dict_bytes: 0
2021/03/05-01:49:41.486942 70000da60000         Options.compression_opts.zstd_max_train_bytes: 0
2021/03/05-01:49:41.486943 70000da60000                  Options.compression_opts.enabled: false
2021/03/05-01:49:41.486944 70000da60000      Options.level0_file_num_compaction_trigger: 4
2021/03/05-01:49:41.486945 70000da60000          Options.level0_slowdown_writes_trigger: 20
2021/03/05-01:49:41.486945 70000da60000              Options.level0_stop_writes_trigger: 36
2021/03/05-01:49:41.486946 70000da60000                   Options.target_file_size_base: 67108864
2021/03/05-01:49:41.486947 70000da60000             Options.target_file_size_multiplier: 1
2021/03/05-01:49:41.486948 70000da60000                Options.max_bytes_for_level_base: 268435456
2021/03/05-01:49:41.486949 70000da60000 Options.level_compaction_dynamic_level_bytes: 0
2021/03/05-01:49:41.486950 70000da60000          Options.max_bytes_for_level_multiplier: 10.000000
2021/03/05-01:49:41.486951 70000da60000 Options.max_bytes_for_level_multiplier_addtl[0]: 1
2021/03/05-01:49:41.486952 70000da60000 Options.max_bytes_for_level_multiplier_addtl[1]: 1
2021/03/05-01:49:41.486953 70000da60000 Options.max_bytes_for_level_multiplier_addtl[2]: 1
2021/03/05-01:49:41.486954 70000da60000 Options.max_bytes_for_level_multiplier_addtl[3]: 1
2021/03/05-01:49:41.486955 70000da60000 Options.max_bytes_for_level_multiplier_addtl[4]: 1
2021/03/05-01:49:41.486956 70000da60000 Options.max_bytes_for_level_multiplier_addtl[5]: 1
2021/03/05-01:49:41.486957 70000da60000 Options.max_bytes_for_level_multiplier_addtl[6]: 1
2021/03/05-01:49:41.486958 70000da60000       Options.max_sequential_skip_in_iterations: 8
2021/03/05-01:49:41.486958 70000da60000                    Options.max_compaction_bytes: 1677721600
2021/03/05-01:49:41.486959 70000da60000                        Options.arena_block_size: 8388608
2021/03/05-01:49:41.486960 70000da60000   Options.soft_pending_compaction_bytes_limit: 68719476736
2021/03/05-01:49:41.486961 70000da60000   Options.hard_pending_compaction_bytes_limit: 274877906944
2021/03/05-01:49:41.486975 70000da60000       Options.rate_limit_delay_max_milliseconds: 100
2021/03/05-01:49:41.486976 70000da60000                Options.disable_auto_compactions: 1
2021/03/05-01:49:41.486977 70000da60000                        Options.compaction_style: kCompactionStyleLevel
2021/03/05-01:49:41.486978 70000da60000                          Options.compaction_pri: kMinOverlappingRatio
2021/03/05-01:49:41.486979 70000da60000 Options.compaction_options_universal.size_ratio: 1
2021/03/05-01:49:41.486980 70000da60000 Options.compaction_options_universal.min_merge_width: 2
2021/03/05-01:49:41.486981 70000da60000 Options.compaction_options_universal.max_merge_width: 4294967295
2021/03/05-01:49:41.486982 70000da60000 Options.compaction_options_universal.max_size_amplification_percent: 200
2021/03/05-01:49:41.486983 70000da60000 Options.compaction_options_universal.compression_size_percent: -1
2021/03/05-01:49:41.486984 70000da60000 Options.compaction_options_universal.stop_style: kCompactionStopStyleTotalSize
2021/03/05-01:49:41.486985 70000da60000 Options.compaction_options_fifo.max_table_files_size: 1073741824
2021/03/05-01:49:41.486986 70000da60000 Options.compaction_options_fifo.allow_compaction: 0
2021/03/05-01:49:41.486987 70000da60000                   Options.table_properties_collectors: 
2021/03/05-01:49:41.486987 70000da60000                   Options.inplace_update_support: 0
2021/03/05-01:49:41.486988 70000da60000                 Options.inplace_update_num_locks: 10000
2021/03/05-01:49:41.486989 70000da60000               Options.memtable_prefix_bloom_size_ratio: 0.000000
2021/03/05-01:49:41.486990 70000da60000               Options.memtable_whole_key_filtering: 0
2021/03/05-01:49:41.486991 70000da60000   Options.memtable_huge_page_size: 0
2021/03/05-01:49:41.486992 70000da60000                           Options.bloom_locality: 0
2021/03/05-01:49:41.486993 70000da60000                    Options.max_successive_merges: 0
2021/03/05-01:49:41.486994 70000da60000                Options.optimize_filters_for_hits: 0
2021/03/05-01:49:41.486995 70000da60000                Options.paranoid_file_checks: 0
2021/03/05-01:49:41.486995 70000da60000                Options.force_consistency_checks: 0
2021/03/05-01:49:41.486996 70000da60000                Options.report_bg_io_stats: 0
2021/03/05-01:49:41.486997 70000da60000                               Options.ttl: 2592000
2021/03/05-01:49:41.486998 70000da60000          Options.periodic_compaction_seconds: 0
2021/03/05-01:49:41.487034 70000da60000 [lumn_family.cc:552] --------------- Options for column family []:
2021/03/05-01:49:41.487036 70000da60000               Options.comparator: leveldb.BytewiseComparator
2021/03/05-01:49:41.487037 70000da60000           Options.merge_operator: None
2021/03/05-01:49:41.487038 70000da60000        Options.compaction_filter: None
2021/03/05-01:49:41.487039 70000da60000        Options.compaction_filter_factory: None
2021/03/05-01:49:41.487040 70000da60000         Options.memtable_factory: SkipListFactory
2021/03/05-01:49:41.487041 70000da60000            Options.table_factory: BlockBasedTable
2021/03/05-01:49:41.487051 70000da60000            table_factory options:   flush_block_policy_factory: FlushBlockBySizePolicyFactory (0x7f9b9ee7f3b0)
  cache_index_and_filter_blocks: 0
  cache_index_and_filter_blocks_with_high_priority: 1
  pin_l0_filter_and_index_blocks_in_cache: 0
  pin_top_level_index_and_filter: 1
  index_type: 0
  data_block_index_type: 0
  index_shortening: 1
  data_block_hash_table_util_ratio: 0.750000
  hash_index_allow_collision: 1
  checksum: 1
  no_block_cache: 0
  block_cache: 0x7f9b9ee80908
  block_cache_name: LRUCache
  block_cache_options:
    capacity : 8388608
    num_shard_bits : 4
    strict_capacity_limit : 0
    memory_allocator : None
    high_pri_pool_ratio: 0.000
  block_cache_compressed: 0x0
  persistent_cache: 0x0
  block_size: 4096
  block_size_deviation: 10
  block_restart_interval: 16
  index_block_restart_interval: 1
  metadata_block_size: 4096
  partition_filters: 0
  use_delta_encoding: 1
  filter_policy: nullptr
  whole_key_filtering: 1
  verify_compression: 0
  read_amp_bytes_per_bit: 0
  format_version: 2
  enable_index_compression: 1
  block_align: 0
2021/03/05-01:49:41.487068 70000da60000        Options.write_buffer_size: 67108864
2021/03/05-01:49:41.487069 70000da60000  Options.max_write_buffer_number: 2
2021/03/05-01:49:41.487070 70000da60000          Options.compression: Snappy
2021/03/05-01:49:41.487071 70000da60000                  Options.bottommost_compression: Disabled
2021/03/05-01:49:41.487072 70000da60000       Options.prefix_extractor: nullptr
2021/03/05-01:49:41.487073 70000da60000   Options.memtable_insert_with_hint_prefix_extractor: nullptr
2021/03/05-01:49:41.487073 70000da60000             Options.num_levels: 7
2021/03/05-01:49:41.487074 70000da60000        Options.min_write_buffer_number_to_merge: 1
2021/03/05-01:49:41.487075 70000da60000     Options.max_write_buffer_number_to_maintain: 0
2021/03/05-01:49:41.487076 70000da60000     Options.max_write_buffer_size_to_maintain: 134217728
2021/03/05-01:49:41.487077 70000da60000            Options.bottommost_compression_opts.window_bits: -14
2021/03/05-01:49:41.487078 70000da60000                  Options.bottommost_compression_opts.level: 32767
2021/03/05-01:49:41.487079 70000da60000               Options.bottommost_compression_opts.strategy: 0
2021/03/05-01:49:41.487080 70000da60000         Options.bottommost_compression_opts.max_dict_bytes: 0
2021/03/05-01:49:41.487081 70000da60000         Options.bottommost_compression_opts.zstd_max_train_bytes: 0
2021/03/05-01:49:41.487082 70000da60000                  Options.bottommost_compression_opts.enabled: false
2021/03/05-01:49:41.487082 70000da60000            Options.compression_opts.window_bits: -14
2021/03/05-01:49:41.487083 70000da60000                  Options.compression_opts.level: 32767
2021/03/05-01:49:41.487084 70000da60000               Options.compression_opts.strategy: 0
2021/03/05-01:49:41.487085 70000da60000         Options.compression_opts.max_dict_bytes: 0
2021/03/05-01:49:41.487086 70000da60000         Options.compression_opts.zstd_max_train_bytes: 0
2021/03/05-01:49:41.487087 70000da60000                  Options.compression_opts.enabled: false
2021/03/05-01:49:41.487088 70000da60000      Options.level0_file_num_compaction_trigger: 4
2021/03/05-01:49:41.487088 70000da60000          Options.level0_slowdown_writes_trigger: 20
2021/03/05-01:49:41.487089 70000da60000              Options.level0_stop_writes_trigger: 36
2021/03/05-01:49:41.487090 70000da60000                   Options.target_file_size_base: 67108864
2021/03/05-01:49:41.487091 70000da60000             Options.target_file_size_multiplier: 1
2021/03/05-01:49:41.487092 70000da60000                Options.max_bytes_for_level_base: 268435456
2021/03/05-01:49:41.487093 70000da60000 Options.level_compaction_dynamic_level_bytes: 0
2021/03/05-01:49:41.487094 70000da60000          Options.max_bytes_for_level_multiplier: 10.000000
2021/03/05-01:49:41.487095 70000da60000 Options.max_bytes_for_level_multiplier_addtl[0]: 1
2021/03/05-01:49:41.487096 70000da60000 Options.max_bytes_for_level_multiplier_addtl[1]: 1
2021/03/05-01:49:41.487097 70000da60000 Options.max_bytes_for_level_multiplier_addtl[2]: 1
2021/03/05-01:49:41.487098 70000da60000 Options.max_bytes_for_level_multiplier_addtl[3]: 1
2021/03/05-01:49:41.487098 70000da60000 Options.max_bytes_for_level_multiplier_addtl[4]: 1
2021/03/05-01:49:41.487099 70000da60000 Options.max_bytes_for_level_multiplier_addtl[5]: 1
2021/03/05-01:49:41.487100 70000da60000 Options.max_bytes_for_level_multiplier_addtl[6]: 1
2021/03/05-01:49:41.487101 70000da60000       Options.max_sequential_skip_in_iterations: 8
2021/03/05-01:49:41.487102 70000da60000                    Options.max_compaction_bytes: 1677721600
2021/03/05-01:49:41.487103 70000da60000                        Options.arena_block_size: 8388608
2021/03/05-01:49:41.487104 70000da60000   Options.soft_pending_compaction_bytes_limit: 68719476736
2021/03/05-01:49:41.487105 70000da60000   Options.hard_pending_compaction_bytes_limit: 274877906944
2021/03/05-01:49:41.487117 70000da60000       Options.rate_limit_delay_max_milliseconds: 100
2021/03/05-01:49:41.487119 70000da60000                Options.disable_auto_compactions: 1
2021/03/05-01:49:41.487120 70000da60000                        Options.compaction_style: kCompactionStyleLevel
2021/03/05-01:49:41.487121 70000da60000                          Options.compaction_pri: kMinOverlappingRatio
2021/03/05-01:49:41.487121 70000da60000 Options.compaction_options_universal.size_ratio: 1
2021/03/05-01:49:41.487122 70000da60000 Options.compaction_options_universal.min_merge_width: 2
2021/03/05-01:49:41.487123 70000da60000 Options.compaction_options_universal.max_merge_width: 4294967295
2021/03/05-01:49:41.487124 70000da60000 Options.compaction_options_universal.max_size_amplification_percent: 200
2021/03/05-01:49:41.487125 70000da60000 Options.compaction_options_universal.compression_size_percent: -1
2021/03/05-01:49:41.487126 70000da60000 Options.compaction_options_universal.stop_style: kCompactionStopStyleTotalSize
2021/03/05-01:49:41.487127 70000da60000 Options.compaction_options_fifo.max_table_files_size: 1073741824
2021/03/05-01:49:41.487128 70000da60000 Options.compaction_options_fifo.allow_compaction: 0
2021/03/05-01:49:41.487129 70000da60000                   Options.table_properties_collectors: 
2021/03/05-01:49:41.487130 70000da60000                   Options.inplace_update_support: 0
2021/03/05-01:49:41.487131 70000da60000                 Options.inplace_update_num_locks: 10000
2021/03/05-01:49:41.487131 70000da60000               Options.memtable_prefix_bloom_size_ratio: 0.000000
2021/03/05-01:49:41.487133 70000da60000               Options.memtable_whole_key_filtering: 0
2021/03/05-01:49:41.487133 70000da60000   Options.memtable_huge_page_size: 0
2021/03/05-01:49:41.487134 70000da60000                           Options.bloom_locality: 0
2021/03/05-01:49:41.487135 70000da60000                    Options.max_successive_merges: 0
2021/03/05-01:49:41.487136 70000da60000                Options.optimize_filters_for_hits: 0
2021/03/05-01:49:41.487137 70000da60000                Options.paranoid_file_checks: 0
2021/03/05-01:49:41.487138 70000da60000                Options.force_consistency_checks: 0
2021/03/05-01:49:41.487139 70000da60000                Options.report_bg_io_stats: 0
2021/03/05-01:49:41.487139 70000da60000                               Options.ttl: 2592000
2021/03/05-01:49:41.487140 70000da60000          Options.periodic_compaction_seconds: 0
2021/03/05-01:49:41.487171 70000da60000 [lumn_family.cc:552] --------------- Options for column family []:
2021/03/05-01:49:41.487173 70000da60000               Options.comparator: leveldb.BytewiseComparator
2021/03/05-01:49:41.487174 70000da60000           Options.merge_operator: None
2021/03/05-01:49:41.487174 70000da60000        Options.compaction_filter: None
2021/03/05-01:49:41.487175 70000da60000        Options.compaction_filter_factory: None
2021/03/05-01:49:41.487176 70000da60000         Options.memtable_factory: SkipListFactory
2021/03/05-01:49:41.487177 70000da60000            Options.table_factory: BlockBasedTable
2021/03/05-01:49:41.487187 70000da60000            table_factory options:   flush_block_policy_factory: FlushBlockBySizePolicyFactory (0x7f9b9ee7f4e0)
  cache_index_and_filter_blocks: 0
  cache_index_and_filter_blocks_with_high_priority: 1
  pin_l0_filter_and_index_blocks_in_cache: 0
  pin_top_level_index_and_filter: 1
  index_type: 0
  data_block_index_type: 0
  index_shortening: 1
  data_block_hash_table_util_ratio: 0.750000
  hash_index_allow_collision: 1
  checksum: 1
  no_block_cache: 0
  block_cache: 0x7f9b9ee81678
  block_cache_name: LRUCache
  block_cache_options:
    capacity : 8388608
    num_shard_bits : 4
    strict_capacity_limit : 0
    memory_allocator : None
    high_pri_pool_ratio: 0.000
  block_cache_compressed: 0x0
  persistent_cache: 0x0
  block_size: 4096
  block_size_deviation: 10
  block_restart_interval: 16
  index_block_restart_interval: 1
  metadata_block_size: 4096
  partition_filters: 0
  use_delta_encoding: 1
  filter_policy: nullptr
  whole_key_filtering: 1
  verify_compression: 0
  read_amp_bytes_per_bit: 0
  format_version: 2
  enable_index_compression: 1
  block_align: 0
2021/03/05-01:49:41.487204 70000da60000        Options.write_buffer_size: 67108864
2021/03/05-01:49:41.487205 70000da60000  Options.max_write_buffer_number: 2
2021/03/05-01:49:41.487206 70000da60000          Options.compression: Snappy
2021/03/05-01:49:41.487207 70000da60000                  Options.bottommost_compression: Disabled
2021/03/05-01:49:41.487208 70000da60000       Options.prefix_extractor: nullptr
2021/03/05-01:49:41.487209 70000da60000   Options.memtable_insert_with_hint_prefix_extractor: nullptr
2021/03/05-01:49:41.487209 70000da60000             Options.num_levels: 7
2021/03/05-01:49:41.487210 70000da60000        Options.min_write_buffer_number_to_merge: 1
2021/03/05-01:49:41.487211 70000da60000     Options.max_write_buffer_number_to_maintain: 0
2021/03/05-01:49:41.487212 70000da60000     Options.max_write_buffer_size_to_maintain: 134217728
2021/03/05-01:49:41.487213 70000da60000            Options.bottommost_compression_opts.window_bits: -14
2021/03/05-01:49:41.487214 70000da60000                  Options.bottommost_compression_opts.level: 32767
2021/03/05-01:49:41.487215 70000da60000               Options.bottommost_compression_opts.strategy: 0
2021/03/05-01:49:41.487216 70000da60000         Options.bottommost_compression_opts.max_dict_bytes: 0
2021/03/05-01:49:41.487216 70000da60000         Options.bottommost_compression_opts.zstd_max_train_bytes: 0
2021/03/05-01:49:41.487217 70000da60000                  Options.bottommost_compression_opts.enabled: false
2021/03/05-01:49:41.487218 70000da60000            Options.compression_opts.window_bits: -14
2021/03/05-01:49:41.487219 70000da60000                  Options.compression_opts.level: 32767
2021/03/05-01:49:41.487220 70000da60000               Options.compression_opts.strategy: 0
2021/03/05-01:49:41.487221 70000da60000         Options.compression_opts.max_dict_bytes: 0
2021/03/05-01:49:41.487222 70000da60000         Options.compression_opts.zstd_max_train_bytes: 0
2021/03/05-01:49:41.487223 70000da60000                  Options.compression_opts.enabled: false
2021/03/05-01:49:41.487223 70000da60000      Options.level0_file_num_compaction_trigger: 4
2021/03/05-01:49:41.487224 70000da60000          Options.level0_slowdown_writes_trigger: 20
2021/03/05-01:49:41.487225 70000da60000              Options.level0_stop_writes_trigger: 36
2021/03/05-01:49:41.487226 70000da60000                   Options.target_file_size_base: 67108864
2021/03/05-01:49:41.487227 70000da60000             Options.target_file_size_multiplier: 1
2021/03/05-01:49:41.487228 70000da60000                Options.max_bytes_for_level_base: 268435456
2021/03/05-01:49:41.487228 70000da60000 Options.level_compaction_dynamic_level_bytes: 0
2021/03/05-01:49:41.487229 70000da60000          Options.max_bytes_for_level_multiplier: 10.000000
