2020/11/13-21:42:25.431795 70000fcf3000 RocksDB version: 6.8.1
2020/11/13-21:42:25.431869 70000fcf3000 Git sha rocksdb_build_git_sha:27e593fbe10efa5a562ca79b1939ffb69d25163f
2020/11/13-21:42:25.431871 70000fcf3000 Compile date Apr 26 2020
2020/11/13-21:42:25.431872 70000fcf3000 DB SUMMARY
2020/11/13-21:42:25.432025 70000fcf3000 CURRENT file:  CURRENT
2020/11/13-21:42:25.432029 70000fcf3000 IDENTITY file:  IDENTITY
2020/11/13-21:42:25.432043 70000fcf3000 MANIFEST file:  MANIFEST-000047 size: 929 Bytes
2020/11/13-21:42:25.432046 70000fcf3000 SST files in /Users/akanit/NissanCool/ProjectCE_coin/testBlockchain/testTruffle/PrivateBlockchain/node4/data/database dir, Total Num: 4, files: 000028.sst 000029.sst 000045.sst 000046.sst 
2020/11/13-21:42:25.432048 70000fcf3000 Write Ahead Log file in /Users/akanit/NissanCool/ProjectCE_coin/testBlockchain/testTruffle/PrivateBlockchain/node4/data/database: 000003.log size: 480932 ; 000031.log size: 1731344 ; 000048.log size: 2541010 ; 
2020/11/13-21:42:25.432051 70000fcf3000                         Options.error_if_exists: 0
2020/11/13-21:42:25.432056 70000fcf3000                       Options.create_if_missing: 1
2020/11/13-21:42:25.432057 70000fcf3000                         Options.paranoid_checks: 1
2020/11/13-21:42:25.432059 70000fcf3000                                     Options.env: 0x128778a48
2020/11/13-21:42:25.432060 70000fcf3000                                      Options.fs: Posix File System
2020/11/13-21:42:25.432062 70000fcf3000                                Options.info_log: 0x7fe916a57480
2020/11/13-21:42:25.432063 70000fcf3000                Options.max_file_opening_threads: 16
2020/11/13-21:42:25.432064 70000fcf3000                              Options.statistics: 0x7fe916983390
2020/11/13-21:42:25.432066 70000fcf3000                               Options.use_fsync: 0
2020/11/13-21:42:25.432067 70000fcf3000                       Options.max_log_file_size: 0
2020/11/13-21:42:25.432068 70000fcf3000                  Options.max_manifest_file_size: 1073741824
2020/11/13-21:42:25.432070 70000fcf3000                   Options.log_file_time_to_roll: 0
2020/11/13-21:42:25.432071 70000fcf3000                       Options.keep_log_file_num: 1000
2020/11/13-21:42:25.432072 70000fcf3000                    Options.recycle_log_file_num: 0
2020/11/13-21:42:25.432073 70000fcf3000                         Options.allow_fallocate: 1
2020/11/13-21:42:25.432075 70000fcf3000                        Options.allow_mmap_reads: 0
2020/11/13-21:42:25.432076 70000fcf3000                       Options.allow_mmap_writes: 0
2020/11/13-21:42:25.432077 70000fcf3000                        Options.use_direct_reads: 0
2020/11/13-21:42:25.432079 70000fcf3000                        Options.use_direct_io_for_flush_and_compaction: 0
2020/11/13-21:42:25.432080 70000fcf3000          Options.create_missing_column_families: 1
2020/11/13-21:42:25.432081 70000fcf3000                              Options.db_log_dir: 
2020/11/13-21:42:25.432082 70000fcf3000                                 Options.wal_dir: /Users/akanit/NissanCool/ProjectCE_coin/testBlockchain/testTruffle/PrivateBlockchain/node4/data/database
2020/11/13-21:42:25.432084 70000fcf3000                Options.table_cache_numshardbits: 6
2020/11/13-21:42:25.432085 70000fcf3000                      Options.max_subcompactions: 1
2020/11/13-21:42:25.432086 70000fcf3000                  Options.max_background_flushes: -1
2020/11/13-21:42:25.432087 70000fcf3000                         Options.WAL_ttl_seconds: 0
2020/11/13-21:42:25.432089 70000fcf3000                       Options.WAL_size_limit_MB: 0
2020/11/13-21:42:25.432090 70000fcf3000                        Options.max_write_batch_group_size_bytes: 1048576
2020/11/13-21:42:25.432091 70000fcf3000             Options.manifest_preallocation_size: 4194304
2020/11/13-21:42:25.432093 70000fcf3000                     Options.is_fd_close_on_exec: 1
2020/11/13-21:42:25.432094 70000fcf3000                   Options.advise_random_on_open: 1
2020/11/13-21:42:25.432095 70000fcf3000                    Options.db_write_buffer_size: 0
2020/11/13-21:42:25.432097 70000fcf3000                    Options.write_buffer_manager: 0x7fe916a574f0
2020/11/13-21:42:25.432133 70000fcf3000         Options.access_hint_on_compaction_start: 1
2020/11/13-21:42:25.432135 70000fcf3000  Options.new_table_reader_for_compaction_inputs: 0
2020/11/13-21:42:25.432137 70000fcf3000           Options.random_access_max_buffer_size: 1048576
2020/11/13-21:42:25.432138 70000fcf3000                      Options.use_adaptive_mutex: 0
2020/11/13-21:42:25.432139 70000fcf3000                            Options.rate_limiter: 0x0
2020/11/13-21:42:25.432143 70000fcf3000     Options.sst_file_manager.rate_bytes_per_sec: 0
2020/11/13-21:42:25.432144 70000fcf3000                       Options.wal_recovery_mode: 2
2020/11/13-21:42:25.432146 70000fcf3000                  Options.enable_thread_tracking: 0
2020/11/13-21:42:25.432147 70000fcf3000                  Options.enable_pipelined_write: 0
2020/11/13-21:42:25.432148 70000fcf3000                  Options.unordered_write: 0
2020/11/13-21:42:25.432149 70000fcf3000         Options.allow_concurrent_memtable_write: 1
2020/11/13-21:42:25.432150 70000fcf3000      Options.enable_write_thread_adaptive_yield: 1
2020/11/13-21:42:25.432152 70000fcf3000             Options.write_thread_max_yield_usec: 100
2020/11/13-21:42:25.432153 70000fcf3000            Options.write_thread_slow_yield_usec: 3
2020/11/13-21:42:25.432154 70000fcf3000                               Options.row_cache: None
2020/11/13-21:42:25.432155 70000fcf3000                              Options.wal_filter: None
2020/11/13-21:42:25.432156 70000fcf3000             Options.avoid_flush_during_recovery: 0
2020/11/13-21:42:25.432158 70000fcf3000             Options.allow_ingest_behind: 0
2020/11/13-21:42:25.432159 70000fcf3000             Options.preserve_deletes: 0
2020/11/13-21:42:25.432160 70000fcf3000             Options.two_write_queues: 0
2020/11/13-21:42:25.432161 70000fcf3000             Options.manual_wal_flush: 0
2020/11/13-21:42:25.432163 70000fcf3000             Options.atomic_flush: 0
2020/11/13-21:42:25.432164 70000fcf3000             Options.avoid_unnecessary_blocking_io: 0
2020/11/13-21:42:25.432165 70000fcf3000                 Options.persist_stats_to_disk: 0
2020/11/13-21:42:25.432167 70000fcf3000                 Options.write_dbid_to_manifest: 0
2020/11/13-21:42:25.432168 70000fcf3000                 Options.log_readahead_size: 0
2020/11/13-21:42:25.432169 70000fcf3000                 Options.sst_file_checksum_func: Unknown
2020/11/13-21:42:25.432171 70000fcf3000             Options.max_background_jobs: 2
2020/11/13-21:42:25.432172 70000fcf3000             Options.max_background_compactions: 4
2020/11/13-21:42:25.432173 70000fcf3000             Options.avoid_flush_during_shutdown: 0
2020/11/13-21:42:25.432175 70000fcf3000           Options.writable_file_max_buffer_size: 1048576
2020/11/13-21:42:25.432176 70000fcf3000             Options.delayed_write_rate : 16777216
2020/11/13-21:42:25.432177 70000fcf3000             Options.max_total_wal_size: 0
2020/11/13-21:42:25.432178 70000fcf3000             Options.delete_obsolete_files_period_micros: 21600000000
2020/11/13-21:42:25.432180 70000fcf3000                   Options.stats_dump_period_sec: 600
2020/11/13-21:42:25.432181 70000fcf3000                 Options.stats_persist_period_sec: 600
2020/11/13-21:42:25.432182 70000fcf3000                 Options.stats_history_buffer_size: 1048576
2020/11/13-21:42:25.432184 70000fcf3000                          Options.max_open_files: 1024
2020/11/13-21:42:25.432185 70000fcf3000                          Options.bytes_per_sync: 0
2020/11/13-21:42:25.432187 70000fcf3000                      Options.wal_bytes_per_sync: 0
2020/11/13-21:42:25.432190 70000fcf3000                   Options.strict_bytes_per_sync: 0
2020/11/13-21:42:25.432192 70000fcf3000       Options.compaction_readahead_size: 0
2020/11/13-21:42:25.432193 70000fcf3000 Compression algorithms supported:
2020/11/13-21:42:25.432197 70000fcf3000 	kZSTD supported: 1
2020/11/13-21:42:25.432198 70000fcf3000 	kZlibCompression supported: 1
2020/11/13-21:42:25.432200 70000fcf3000 	kXpressCompression supported: 0
2020/11/13-21:42:25.432229 70000fcf3000 	kSnappyCompression supported: 1
2020/11/13-21:42:25.432230 70000fcf3000 	kZSTDNotFinalCompression supported: 1
2020/11/13-21:42:25.432232 70000fcf3000 	kLZ4HCCompression supported: 1
2020/11/13-21:42:25.432233 70000fcf3000 	kLZ4Compression supported: 1
2020/11/13-21:42:25.432234 70000fcf3000 	kBZip2Compression supported: 1
2020/11/13-21:42:25.432242 70000fcf3000 Fast CRC32 supported: Not supported on x86
2020/11/13-21:42:25.433355 70000fcf3000 [rsion_set.cc:4413] Recovering from manifest file: /Users/akanit/NissanCool/ProjectCE_coin/testBlockchain/testTruffle/PrivateBlockchain/node4/data/database/MANIFEST-000047
2020/11/13-21:42:25.433437 70000fcf3000 [lumn_family.cc:552] --------------- Options for column family [default]:
2020/11/13-21:42:25.433440 70000fcf3000               Options.comparator: leveldb.BytewiseComparator
2020/11/13-21:42:25.433441 70000fcf3000           Options.merge_operator: None
2020/11/13-21:42:25.433442 70000fcf3000        Options.compaction_filter: None
2020/11/13-21:42:25.433443 70000fcf3000        Options.compaction_filter_factory: None
2020/11/13-21:42:25.433444 70000fcf3000         Options.memtable_factory: SkipListFactory
2020/11/13-21:42:25.433444 70000fcf3000            Options.table_factory: BlockBasedTable
2020/11/13-21:42:25.433466 70000fcf3000            table_factory options:   flush_block_policy_factory: FlushBlockBySizePolicyFactory (0x7fe916984250)
  cache_index_and_filter_blocks: 0
  cache_index_and_filter_blocks_with_high_priority: 0
  pin_l0_filter_and_index_blocks_in_cache: 0
  pin_top_level_index_and_filter: 1
  index_type: 0
  data_block_index_type: 0
  index_shortening: 1
  data_block_hash_table_util_ratio: 0.750000
  hash_index_allow_collision: 1
  checksum: 1
  no_block_cache: 0
  block_cache: 0x7fe9169839b8
  block_cache_name: LRUCache
  block_cache_options:
    capacity : 8388608
    num_shard_bits : 4
    strict_capacity_limit : 0
    memory_allocator : None
    high_pri_pool_ratio: 0.000
  block_cache_compressed: 0x0
  persistent_cache: 0x0
  block_size: 4096
  block_size_deviation: 10
  block_restart_interval: 16
  index_block_restart_interval: 1
  metadata_block_size: 4096
  partition_filters: 0
  use_delta_encoding: 1
  filter_policy: nullptr
  whole_key_filtering: 1
  verify_compression: 1
  read_amp_bytes_per_bit: 0
  format_version: 2
  enable_index_compression: 1
  block_align: 0
2020/11/13-21:42:25.433471 70000fcf3000        Options.write_buffer_size: 67108864
2020/11/13-21:42:25.433472 70000fcf3000  Options.max_write_buffer_number: 2
2020/11/13-21:42:25.433473 70000fcf3000          Options.compression: Snappy
2020/11/13-21:42:25.433473 70000fcf3000                  Options.bottommost_compression: Disabled
2020/11/13-21:42:25.433474 70000fcf3000       Options.prefix_extractor: nullptr
2020/11/13-21:42:25.433475 70000fcf3000   Options.memtable_insert_with_hint_prefix_extractor: nullptr
2020/11/13-21:42:25.433476 70000fcf3000             Options.num_levels: 7
2020/11/13-21:42:25.433477 70000fcf3000        Options.min_write_buffer_number_to_merge: 1
2020/11/13-21:42:25.433478 70000fcf3000     Options.max_write_buffer_number_to_maintain: 0
2020/11/13-21:42:25.433478 70000fcf3000     Options.max_write_buffer_size_to_maintain: 134217728
2020/11/13-21:42:25.433479 70000fcf3000            Options.bottommost_compression_opts.window_bits: -14
2020/11/13-21:42:25.433480 70000fcf3000                  Options.bottommost_compression_opts.level: 32767
2020/11/13-21:42:25.433481 70000fcf3000               Options.bottommost_compression_opts.strategy: 0
2020/11/13-21:42:25.433482 70000fcf3000         Options.bottommost_compression_opts.max_dict_bytes: 0
2020/11/13-21:42:25.433483 70000fcf3000         Options.bottommost_compression_opts.zstd_max_train_bytes: 0
2020/11/13-21:42:25.433483 70000fcf3000                  Options.bottommost_compression_opts.enabled: false
2020/11/13-21:42:25.433484 70000fcf3000            Options.compression_opts.window_bits: -14
2020/11/13-21:42:25.433485 70000fcf3000                  Options.compression_opts.level: 32767
2020/11/13-21:42:25.433511 70000fcf3000               Options.compression_opts.strategy: 0
2020/11/13-21:42:25.433513 70000fcf3000         Options.compression_opts.max_dict_bytes: 0
2020/11/13-21:42:25.433513 70000fcf3000         Options.compression_opts.zstd_max_train_bytes: 0
2020/11/13-21:42:25.433514 70000fcf3000                  Options.compression_opts.enabled: false
2020/11/13-21:42:25.433515 70000fcf3000      Options.level0_file_num_compaction_trigger: 4
2020/11/13-21:42:25.433518 70000fcf3000          Options.level0_slowdown_writes_trigger: 20
2020/11/13-21:42:25.433519 70000fcf3000              Options.level0_stop_writes_trigger: 36
2020/11/13-21:42:25.433519 70000fcf3000                   Options.target_file_size_base: 67108864
2020/11/13-21:42:25.433520 70000fcf3000             Options.target_file_size_multiplier: 1
2020/11/13-21:42:25.433521 70000fcf3000                Options.max_bytes_for_level_base: 268435456
2020/11/13-21:42:25.433522 70000fcf3000 Options.level_compaction_dynamic_level_bytes: 0
2020/11/13-21:42:25.433523 70000fcf3000          Options.max_bytes_for_level_multiplier: 10.000000
2020/11/13-21:42:25.433524 70000fcf3000 Options.max_bytes_for_level_multiplier_addtl[0]: 1
2020/11/13-21:42:25.433525 70000fcf3000 Options.max_bytes_for_level_multiplier_addtl[1]: 1
2020/11/13-21:42:25.433526 70000fcf3000 Options.max_bytes_for_level_multiplier_addtl[2]: 1
2020/11/13-21:42:25.433526 70000fcf3000 Options.max_bytes_for_level_multiplier_addtl[3]: 1
2020/11/13-21:42:25.433527 70000fcf3000 Options.max_bytes_for_level_multiplier_addtl[4]: 1
2020/11/13-21:42:25.433528 70000fcf3000 Options.max_bytes_for_level_multiplier_addtl[5]: 1
2020/11/13-21:42:25.433529 70000fcf3000 Options.max_bytes_for_level_multiplier_addtl[6]: 1
2020/11/13-21:42:25.433530 70000fcf3000       Options.max_sequential_skip_in_iterations: 8
2020/11/13-21:42:25.433530 70000fcf3000                    Options.max_compaction_bytes: 1677721600
2020/11/13-21:42:25.433531 70000fcf3000                        Options.arena_block_size: 8388608
2020/11/13-21:42:25.433532 70000fcf3000   Options.soft_pending_compaction_bytes_limit: 68719476736
2020/11/13-21:42:25.433533 70000fcf3000   Options.hard_pending_compaction_bytes_limit: 274877906944
2020/11/13-21:42:25.433534 70000fcf3000       Options.rate_limit_delay_max_milliseconds: 100
2020/11/13-21:42:25.433534 70000fcf3000                Options.disable_auto_compactions: 1
2020/11/13-21:42:25.433536 70000fcf3000                        Options.compaction_style: kCompactionStyleLevel
2020/11/13-21:42:25.433537 70000fcf3000                          Options.compaction_pri: kMinOverlappingRatio
2020/11/13-21:42:25.433537 70000fcf3000 Options.compaction_options_universal.size_ratio: 1
2020/11/13-21:42:25.433538 70000fcf3000 Options.compaction_options_universal.min_merge_width: 2
2020/11/13-21:42:25.433539 70000fcf3000 Options.compaction_options_universal.max_merge_width: 4294967295
2020/11/13-21:42:25.433540 70000fcf3000 Options.compaction_options_universal.max_size_amplification_percent: 200
2020/11/13-21:42:25.433541 70000fcf3000 Options.compaction_options_universal.compression_size_percent: -1
2020/11/13-21:42:25.433542 70000fcf3000 Options.compaction_options_universal.stop_style: kCompactionStopStyleTotalSize
2020/11/13-21:42:25.433543 70000fcf3000 Options.compaction_options_fifo.max_table_files_size: 1073741824
2020/11/13-21:42:25.433543 70000fcf3000 Options.compaction_options_fifo.allow_compaction: 0
2020/11/13-21:42:25.433544 70000fcf3000                   Options.table_properties_collectors: 
2020/11/13-21:42:25.433545 70000fcf3000                   Options.inplace_update_support: 0
2020/11/13-21:42:25.433546 70000fcf3000                 Options.inplace_update_num_locks: 10000
2020/11/13-21:42:25.433547 70000fcf3000               Options.memtable_prefix_bloom_size_ratio: 0.000000
2020/11/13-21:42:25.433547 70000fcf3000               Options.memtable_whole_key_filtering: 0
2020/11/13-21:42:25.433548 70000fcf3000   Options.memtable_huge_page_size: 0
2020/11/13-21:42:25.433549 70000fcf3000                           Options.bloom_locality: 0
2020/11/13-21:42:25.433562 70000fcf3000                    Options.max_successive_merges: 0
2020/11/13-21:42:25.433563 70000fcf3000                Options.optimize_filters_for_hits: 0
2020/11/13-21:42:25.433563 70000fcf3000                Options.paranoid_file_checks: 0
2020/11/13-21:42:25.433564 70000fcf3000                Options.force_consistency_checks: 0
2020/11/13-21:42:25.433565 70000fcf3000                Options.report_bg_io_stats: 0
2020/11/13-21:42:25.433566 70000fcf3000                               Options.ttl: 2592000
2020/11/13-21:42:25.433567 70000fcf3000          Options.periodic_compaction_seconds: 0
2020/11/13-21:42:25.433942 70000fcf3000 [lumn_family.cc:552] --------------- Options for column family []:
2020/11/13-21:42:25.433947 70000fcf3000               Options.comparator: leveldb.BytewiseComparator
2020/11/13-21:42:25.433948 70000fcf3000           Options.merge_operator: None
2020/11/13-21:42:25.433949 70000fcf3000        Options.compaction_filter: None
2020/11/13-21:42:25.433950 70000fcf3000        Options.compaction_filter_factory: None
2020/11/13-21:42:25.433950 70000fcf3000         Options.memtable_factory: SkipListFactory
2020/11/13-21:42:25.433951 70000fcf3000            Options.table_factory: BlockBasedTable
2020/11/13-21:42:25.433962 70000fcf3000            table_factory options:   flush_block_policy_factory: FlushBlockBySizePolicyFactory (0x7fe91697daf0)
  cache_index_and_filter_blocks: 0
  cache_index_and_filter_blocks_with_high_priority: 1
  pin_l0_filter_and_index_blocks_in_cache: 0
  pin_top_level_index_and_filter: 1
  index_type: 0
  data_block_index_type: 0
  index_shortening: 1
  data_block_hash_table_util_ratio: 0.750000
  hash_index_allow_collision: 1
  checksum: 1
  no_block_cache: 0
  block_cache: 0x7fe91697e5c8
  block_cache_name: LRUCache
  block_cache_options:
    capacity : 8388608
    num_shard_bits : 4
    strict_capacity_limit : 0
    memory_allocator : None
    high_pri_pool_ratio: 0.000
  block_cache_compressed: 0x0
  persistent_cache: 0x0
  block_size: 4096
  block_size_deviation: 10
  block_restart_interval: 16
  index_block_restart_interval: 1
  metadata_block_size: 4096
  partition_filters: 0
  use_delta_encoding: 1
  filter_policy: nullptr
  whole_key_filtering: 1
  verify_compression: 0
  read_amp_bytes_per_bit: 0
  format_version: 2
  enable_index_compression: 1
  block_align: 0
2020/11/13-21:42:25.433965 70000fcf3000        Options.write_buffer_size: 67108864
2020/11/13-21:42:25.433966 70000fcf3000  Options.max_write_buffer_number: 2
2020/11/13-21:42:25.433967 70000fcf3000          Options.compression: Snappy
2020/11/13-21:42:25.433967 70000fcf3000                  Options.bottommost_compression: Disabled
2020/11/13-21:42:25.433968 70000fcf3000       Options.prefix_extractor: nullptr
2020/11/13-21:42:25.433969 70000fcf3000   Options.memtable_insert_with_hint_prefix_extractor: nullptr
2020/11/13-21:42:25.433970 70000fcf3000             Options.num_levels: 7
2020/11/13-21:42:25.433971 70000fcf3000        Options.min_write_buffer_number_to_merge: 1
2020/11/13-21:42:25.433972 70000fcf3000     Options.max_write_buffer_number_to_maintain: 0
2020/11/13-21:42:25.433972 70000fcf3000     Options.max_write_buffer_size_to_maintain: 134217728
2020/11/13-21:42:25.433973 70000fcf3000            Options.bottommost_compression_opts.window_bits: -14
2020/11/13-21:42:25.433974 70000fcf3000                  Options.bottommost_compression_opts.level: 32767
2020/11/13-21:42:25.433975 70000fcf3000               Options.bottommost_compression_opts.strategy: 0
2020/11/13-21:42:25.433976 70000fcf3000         Options.bottommost_compression_opts.max_dict_bytes: 0
2020/11/13-21:42:25.433977 70000fcf3000         Options.bottommost_compression_opts.zstd_max_train_bytes: 0
2020/11/13-21:42:25.433977 70000fcf3000                  Options.bottommost_compression_opts.enabled: false
2020/11/13-21:42:25.433978 70000fcf3000            Options.compression_opts.window_bits: -14
2020/11/13-21:42:25.433979 70000fcf3000                  Options.compression_opts.level: 32767
2020/11/13-21:42:25.434001 70000fcf3000               Options.compression_opts.strategy: 0
2020/11/13-21:42:25.434002 70000fcf3000         Options.compression_opts.max_dict_bytes: 0
2020/11/13-21:42:25.434003 70000fcf3000         Options.compression_opts.zstd_max_train_bytes: 0
2020/11/13-21:42:25.434004 70000fcf3000                  Options.compression_opts.enabled: false
2020/11/13-21:42:25.434005 70000fcf3000      Options.level0_file_num_compaction_trigger: 4
2020/11/13-21:42:25.434006 70000fcf3000          Options.level0_slowdown_writes_trigger: 20
2020/11/13-21:42:25.434007 70000fcf3000              Options.level0_stop_writes_trigger: 36
2020/11/13-21:42:25.434007 70000fcf3000                   Options.target_file_size_base: 67108864
2020/11/13-21:42:25.434008 70000fcf3000             Options.target_file_size_multiplier: 1
2020/11/13-21:42:25.434009 70000fcf3000                Options.max_bytes_for_level_base: 268435456
2020/11/13-21:42:25.434010 70000fcf3000 Options.level_compaction_dynamic_level_bytes: 0
2020/11/13-21:42:25.434011 70000fcf3000          Options.max_bytes_for_level_multiplier: 10.000000
2020/11/13-21:42:25.434012 70000fcf3000 Options.max_bytes_for_level_multiplier_addtl[0]: 1
2020/11/13-21:42:25.434013 70000fcf3000 Options.max_bytes_for_level_multiplier_addtl[1]: 1
2020/11/13-21:42:25.434014 70000fcf3000 Options.max_bytes_for_level_multiplier_addtl[2]: 1
2020/11/13-21:42:25.434015 70000fcf3000 Options.max_bytes_for_level_multiplier_addtl[3]: 1
2020/11/13-21:42:25.434015 70000fcf3000 Options.max_bytes_for_level_multiplier_addtl[4]: 1
2020/11/13-21:42:25.434016 70000fcf3000 Options.max_bytes_for_level_multiplier_addtl[5]: 1
2020/11/13-21:42:25.434017 70000fcf3000 Options.max_bytes_for_level_multiplier_addtl[6]: 1
2020/11/13-21:42:25.434018 70000fcf3000       Options.max_sequential_skip_in_iterations: 8
2020/11/13-21:42:25.434019 70000fcf3000                    Options.max_compaction_bytes: 1677721600
2020/11/13-21:42:25.434019 70000fcf3000                        Options.arena_block_size: 8388608
2020/11/13-21:42:25.434020 70000fcf3000   Options.soft_pending_compaction_bytes_limit: 68719476736
2020/11/13-21:42:25.434021 70000fcf3000   Options.hard_pending_compaction_bytes_limit: 274877906944
2020/11/13-21:42:25.434022 70000fcf3000       Options.rate_limit_delay_max_milliseconds: 100
2020/11/13-21:42:25.434023 70000fcf3000                Options.disable_auto_compactions: 1
2020/11/13-21:42:25.434024 70000fcf3000                        Options.compaction_style: kCompactionStyleLevel
2020/11/13-21:42:25.434025 70000fcf3000                          Options.compaction_pri: kMinOverlappingRatio
2020/11/13-21:42:25.434026 70000fcf3000 Options.compaction_options_universal.size_ratio: 1
2020/11/13-21:42:25.434027 70000fcf3000 Options.compaction_options_universal.min_merge_width: 2
2020/11/13-21:42:25.434027 70000fcf3000 Options.compaction_options_universal.max_merge_width: 4294967295
2020/11/13-21:42:25.434028 70000fcf3000 Options.compaction_options_universal.max_size_amplification_percent: 200
2020/11/13-21:42:25.434029 70000fcf3000 Options.compaction_options_universal.compression_size_percent: -1
2020/11/13-21:42:25.434030 70000fcf3000 Options.compaction_options_universal.stop_style: kCompactionStopStyleTotalSize
2020/11/13-21:42:25.434031 70000fcf3000 Options.compaction_options_fifo.max_table_files_size: 1073741824
2020/11/13-21:42:25.434032 70000fcf3000 Options.compaction_options_fifo.allow_compaction: 0
2020/11/13-21:42:25.434033 70000fcf3000                   Options.table_properties_collectors: 
2020/11/13-21:42:25.434034 70000fcf3000                   Options.inplace_update_support: 0
2020/11/13-21:42:25.434035 70000fcf3000                 Options.inplace_update_num_locks: 10000
2020/11/13-21:42:25.434035 70000fcf3000               Options.memtable_prefix_bloom_size_ratio: 0.000000
2020/11/13-21:42:25.434036 70000fcf3000               Options.memtable_whole_key_filtering: 0
2020/11/13-21:42:25.434037 70000fcf3000   Options.memtable_huge_page_size: 0
2020/11/13-21:42:25.434038 70000fcf3000                           Options.bloom_locality: 0
2020/11/13-21:42:25.434050 70000fcf3000                    Options.max_successive_merges: 0
2020/11/13-21:42:25.434051 70000fcf3000                Options.optimize_filters_for_hits: 0
2020/11/13-21:42:25.434052 70000fcf3000                Options.paranoid_file_checks: 0
2020/11/13-21:42:25.434053 70000fcf3000                Options.force_consistency_checks: 0
2020/11/13-21:42:25.434053 70000fcf3000                Options.report_bg_io_stats: 0
2020/11/13-21:42:25.434054 70000fcf3000                               Options.ttl: 2592000
2020/11/13-21:42:25.434055 70000fcf3000          Options.periodic_compaction_seconds: 0
2020/11/13-21:42:25.434088 70000fcf3000 [lumn_family.cc:552] --------------- Options for column family []:
2020/11/13-21:42:25.434089 70000fcf3000               Options.comparator: leveldb.BytewiseComparator
2020/11/13-21:42:25.434090 70000fcf3000           Options.merge_operator: None
2020/11/13-21:42:25.434091 70000fcf3000        Options.compaction_filter: None
2020/11/13-21:42:25.434091 70000fcf3000        Options.compaction_filter_factory: None
2020/11/13-21:42:25.434092 70000fcf3000         Options.memtable_factory: SkipListFactory
2020/11/13-21:42:25.434093 70000fcf3000            Options.table_factory: BlockBasedTable
2020/11/13-21:42:25.434102 70000fcf3000            table_factory options:   flush_block_policy_factory: FlushBlockBySizePolicyFactory (0x7fe91697f9e0)
  cache_index_and_filter_blocks: 0
  cache_index_and_filter_blocks_with_high_priority: 1
  pin_l0_filter_and_index_blocks_in_cache: 0
  pin_top_level_index_and_filter: 1
  index_type: 0
  data_block_index_type: 0
  index_shortening: 1
  data_block_hash_table_util_ratio: 0.750000
  hash_index_allow_collision: 1
  checksum: 1
  no_block_cache: 0
  block_cache: 0x7fe91697fa28
  block_cache_name: LRUCache
  block_cache_options:
    capacity : 8388608
    num_shard_bits : 4
    strict_capacity_limit : 0
    memory_allocator : None
    high_pri_pool_ratio: 0.000
  block_cache_compressed: 0x0
  persistent_cache: 0x0
  block_size: 4096
  block_size_deviation: 10
  block_restart_interval: 16
  index_block_restart_interval: 1
  metadata_block_size: 4096
  partition_filters: 0
  use_delta_encoding: 1
  filter_policy: nullptr
  whole_key_filtering: 1
  verify_compression: 0
  read_amp_bytes_per_bit: 0
  format_version: 2
  enable_index_compression: 1
  block_align: 0
2020/11/13-21:42:25.434104 70000fcf3000        Options.write_buffer_size: 67108864
2020/11/13-21:42:25.434105 70000fcf3000  Options.max_write_buffer_number: 2
2020/11/13-21:42:25.434106 70000fcf3000          Options.compression: Snappy
2020/11/13-21:42:25.434106 70000fcf3000                  Options.bottommost_compression: Disabled
2020/11/13-21:42:25.434107 70000fcf3000       Options.prefix_extractor: nullptr
2020/11/13-21:42:25.434108 70000fcf3000   Options.memtable_insert_with_hint_prefix_extractor: nullptr
2020/11/13-21:42:25.434109 70000fcf3000             Options.num_levels: 7
2020/11/13-21:42:25.434110 70000fcf3000        Options.min_write_buffer_number_to_merge: 1
2020/11/13-21:42:25.434110 70000fcf3000     Options.max_write_buffer_number_to_maintain: 0
2020/11/13-21:42:25.434111 70000fcf3000     Options.max_write_buffer_size_to_maintain: 134217728
2020/11/13-21:42:25.434112 70000fcf3000            Options.bottommost_compression_opts.window_bits: -14
2020/11/13-21:42:25.434113 70000fcf3000                  Options.bottommost_compression_opts.level: 32767
2020/11/13-21:42:25.434114 70000fcf3000               Options.bottommost_compression_opts.strategy: 0
2020/11/13-21:42:25.434115 70000fcf3000         Options.bottommost_compression_opts.max_dict_bytes: 0
2020/11/13-21:42:25.434115 70000fcf3000         Options.bottommost_compression_opts.zstd_max_train_bytes: 0
2020/11/13-21:42:25.434116 70000fcf3000                  Options.bottommost_compression_opts.enabled: false
2020/11/13-21:42:25.434117 70000fcf3000            Options.compression_opts.window_bits: -14
2020/11/13-21:42:25.434118 70000fcf3000                  Options.compression_opts.level: 32767
2020/11/13-21:42:25.434132 70000fcf3000               Options.compression_opts.strategy: 0
2020/11/13-21:42:25.434133 70000fcf3000         Options.compression_opts.max_dict_bytes: 0
2020/11/13-21:42:25.434133 70000fcf3000         Options.compression_opts.zstd_max_train_bytes: 0
2020/11/13-21:42:25.434134 70000fcf3000                  Options.compression_opts.enabled: false
2020/11/13-21:42:25.434135 70000fcf3000      Options.level0_file_num_compaction_trigger: 4
2020/11/13-21:42:25.434136 70000fcf3000          Options.level0_slowdown_writes_trigger: 20
2020/11/13-21:42:25.434137 70000fcf3000              Options.level0_stop_writes_trigger: 36
2020/11/13-21:42:25.434137 70000fcf3000                   Options.target_file_size_base: 67108864
2020/11/13-21:42:25.434138 70000fcf3000             Options.target_file_size_multiplier: 1
2020/11/13-21:42:25.434139 70000fcf3000                Options.max_bytes_for_level_base: 268435456
2020/11/13-21:42:25.434140 70000fcf3000 Options.level_compaction_dynamic_level_bytes: 0
2020/11/13-21:42:25.434141 70000fcf3000          Options.max_bytes_for_level_multiplier: 10.000000
2020/11/13-21:42:25.434142 70000fcf3000 Options.max_bytes_for_level_multiplier_addtl[0]: 1
2020/11/13-21:42:25.434143 70000fcf3000 Options.max_bytes_for_level_multiplier_addtl[1]: 1
2020/11/13-21:42:25.434143 70000fcf3000 Options.max_bytes_for_level_multiplier_addtl[2]: 1
2020/11/13-21:42:25.434144 70000fcf3000 Options.max_bytes_for_level_multiplier_addtl[3]: 1
2020/11/13-21:42:25.434145 70000fcf3000 Options.max_bytes_for_level_multiplier_addtl[4]: 1
2020/11/13-21:42:25.434146 70000fcf3000 Options.max_bytes_for_level_multiplier_addtl[5]: 1
2020/11/13-21:42:25.434147 70000fcf3000 Options.max_bytes_for_level_multiplier_addtl[6]: 1
2020/11/13-21:42:25.434147 70000fcf3000       Options.max_sequential_skip_in_iterations: 8
2020/11/13-21:42:25.434148 70000fcf3000                    Options.max_compaction_bytes: 1677721600
2020/11/13-21:42:25.434149 70000fcf3000                        Options.arena_block_size: 8388608
2020/11/13-21:42:25.434150 70000fcf3000   Options.soft_pending_compaction_bytes_limit: 68719476736
2020/11/13-21:42:25.434151 70000fcf3000   Options.hard_pending_compaction_bytes_limit: 274877906944
2020/11/13-21:42:25.434152 70000fcf3000       Options.rate_limit_delay_max_milliseconds: 100
2020/11/13-21:42:25.434153 70000fcf3000                Options.disable_auto_compactions: 1
2020/11/13-21:42:25.434154 70000fcf3000                        Options.compaction_style: kCompactionStyleLevel
2020/11/13-21:42:25.434154 70000fcf3000                          Options.compaction_pri: kMinOverlappingRatio
2020/11/13-21:42:25.434155 70000fcf3000 Options.compaction_options_universal.size_ratio: 1
2020/11/13-21:42:25.434156 70000fcf3000 Options.compaction_options_universal.min_merge_width: 2
2020/11/13-21:42:25.434157 70000fcf3000 Options.compaction_options_universal.max_merge_width: 4294967295
2020/11/13-21:42:25.434158 70000fcf3000 Options.compaction_options_universal.max_size_amplification_percent: 200
2020/11/13-21:42:25.434159 70000fcf3000 Options.compaction_options_universal.compression_size_percent: -1
2020/11/13-21:42:25.434160 70000fcf3000 Options.compaction_options_universal.stop_style: kCompactionStopStyleTotalSize
2020/11/13-21:42:25.434160 70000fcf3000 Options.compaction_options_fifo.max_table_files_size: 1073741824
2020/11/13-21:42:25.434161 70000fcf3000 Options.compaction_options_fifo.allow_compaction: 0
2020/11/13-21:42:25.434162 70000fcf3000                   Options.table_properties_collectors: 
2020/11/13-21:42:25.434163 70000fcf3000                   Options.inplace_update_support: 0
2020/11/13-21:42:25.434164 70000fcf3000                 Options.inplace_update_num_locks: 10000
2020/11/13-21:42:25.434165 70000fcf3000               Options.memtable_prefix_bloom_size_ratio: 0.000000
2020/11/13-21:42:25.434165 70000fcf3000               Options.memtable_whole_key_filtering: 0
2020/11/13-21:42:25.434166 70000fcf3000   Options.memtable_huge_page_size: 0
2020/11/13-21:42:25.434177 70000fcf3000                           Options.bloom_locality: 0
2020/11/13-21:42:25.434178 70000fcf3000                    Options.max_successive_merges: 0
2020/11/13-21:42:25.434179 70000fcf3000                Options.optimize_filters_for_hits: 0
2020/11/13-21:42:25.434180 70000fcf3000                Options.paranoid_file_checks: 0
2020/11/13-21:42:25.434181 70000fcf3000                Options.force_consistency_checks: 0
2020/11/13-21:42:25.434181 70000fcf3000                Options.report_bg_io_stats: 0
2020/11/13-21:42:25.434182 70000fcf3000                               Options.ttl: 2592000
2020/11/13-21:42:25.434183 70000fcf3000          Options.periodic_compaction_seconds: 0
2020/11/13-21:42:25.434207 70000fcf3000 [lumn_family.cc:552] --------------- Options for column family []:
2020/11/13-21:42:25.434208 70000fcf3000               Options.comparator: leveldb.BytewiseComparator
2020/11/13-21:42:25.434209 70000fcf3000           Options.merge_operator: None
2020/11/13-21:42:25.434210 70000fcf3000        Options.compaction_filter: None
2020/11/13-21:42:25.434211 70000fcf3000        Options.compaction_filter_factory: None
2020/11/13-21:42:25.434212 70000fcf3000         Options.memtable_factory: SkipListFactory
2020/11/13-21:42:25.434213 70000fcf3000            Options.table_factory: BlockBasedTable
2020/11/13-21:42:25.434221 70000fcf3000            table_factory options:   flush_block_policy_factory: FlushBlockBySizePolicyFactory (0x7fe916980770)
  cache_index_and_filter_blocks: 0
  cache_index_and_filter_blocks_with_high_priority: 1
  pin_l0_filter_and_index_blocks_in_cache: 0
  pin_top_level_index_and_filter: 1
  index_type: 0
  data_block_index_type: 0
  index_shortening: 1
  data_block_hash_table_util_ratio: 0.750000
  hash_index_allow_collision: 1
  checksum: 1
  no_block_cache: 0
  block_cache: 0x7fe9169807b8
  block_cache_name: LRUCache
  block_cache_options:
    capacity : 8388608
    num_shard_bits : 4
    strict_capacity_limit : 0
    memory_allocator : None
    high_pri_pool_ratio: 0.000
  block_cache_compressed: 0x0
  persistent_cache: 0x0
  block_size: 4096
  block_size_deviation: 10
  block_restart_interval: 16
  index_block_restart_interval: 1
  metadata_block_size: 4096
  partition_filters: 0
  use_delta_encoding: 1
  filter_policy: nullptr
  whole_key_filtering: 1
  verify_compression: 0
  read_amp_bytes_per_bit: 0
  format_version: 2
  enable_index_compression: 1
  block_align: 0
2020/11/13-21:42:25.434223 70000fcf3000        Options.write_buffer_size: 67108864
2020/11/13-21:42:25.434224 70000fcf3000  Options.max_write_buffer_number: 2
2020/11/13-21:42:25.434225 70000fcf3000          Options.compression: Snappy
2020/11/13-21:42:25.434226 70000fcf3000                  Options.bottommost_compression: Disabled
2020/11/13-21:42:25.434226 70000fcf3000       Options.prefix_extractor: nullptr
2020/11/13-21:42:25.434227 70000fcf3000   Options.memtable_insert_with_hint_prefix_extractor: nullptr
2020/11/13-21:42:25.434228 70000fcf3000             Options.num_levels: 7
2020/11/13-21:42:25.434229 70000fcf3000        Options.min_write_buffer_number_to_merge: 1
2020/11/13-21:42:25.434229 70000fcf3000     Options.max_write_buffer_number_to_maintain: 0
2020/11/13-21:42:25.434230 70000fcf3000     Options.max_write_buffer_size_to_maintain: 134217728
2020/11/13-21:42:25.434231 70000fcf3000            Options.bottommost_compression_opts.window_bits: -14
2020/11/13-21:42:25.434232 70000fcf3000                  Options.bottommost_compression_opts.level: 32767
2020/11/13-21:42:25.434233 70000fcf3000               Options.bottommost_compression_opts.strategy: 0
2020/11/13-21:42:25.434233 70000fcf3000         Options.bottommost_compression_opts.max_dict_bytes: 0
2020/11/13-21:42:25.434234 70000fcf3000         Options.bottommost_compression_opts.zstd_max_train_bytes: 0
2020/11/13-21:42:25.434235 70000fcf3000                  Options.bottommost_compression_opts.enabled: false
2020/11/13-21:42:25.434236 70000fcf3000            Options.compression_opts.window_bits: -14
2020/11/13-21:42:25.434237 70000fcf3000                  Options.compression_opts.level: 32767
2020/11/13-21:42:25.434250 70000fcf3000               Options.compression_opts.strategy: 0
2020/11/13-21:42:25.434251 70000fcf3000         Options.compression_opts.max_dict_bytes: 0
2020/11/13-21:42:25.434252 70000fcf3000         Options.compression_opts.zstd_max_train_bytes: 0
2020/11/13-21:42:25.434252 70000fcf3000                  Options.compression_opts.enabled: false
2020/11/13-21:42:25.434253 70000fcf3000      Options.level0_file_num_compaction_trigger: 4
2020/11/13-21:42:25.434254 70000fcf3000          Options.level0_slowdown_writes_trigger: 20
2020/11/13-21:42:25.434255 70000fcf3000              Options.level0_stop_writes_trigger: 36
2020/11/13-21:42:25.434256 70000fcf3000                   Options.target_file_size_base: 67108864
2020/11/13-21:42:25.434256 70000fcf3000             Options.target_file_size_multiplier: 1
2020/11/13-21:42:25.434257 70000fcf3000                Options.max_bytes_for_level_base: 268435456
2020/11/13-21:42:25.434258 70000fcf3000 Options.level_compaction_dynamic_level_bytes: 0
2020/11/13-21:42:25.434259 70000fcf3000          Options.max_bytes_for_level_multiplier: 10.000000
2020/11/13-21:42:25.434260 70000fcf3000 Options.max_bytes_for_level_multiplier_addtl[0]: 1
2020/11/13-21:42:25.434261 70000fcf3000 Options.max_bytes_for_level_multiplier_addtl[1]: 1
2020/11/13-21:42:25.434262 70000fcf3000 Options.max_bytes_for_level_multiplier_addtl[2]: 1
2020/11/13-21:42:25.434262 70000fcf3000 Options.max_bytes_for_level_multiplier_addtl[3]: 1
2020/11/13-21:42:25.434263 70000fcf3000 Options.max_bytes_for_level_multiplier_addtl[4]: 1
2020/11/13-21:42:25.434264 70000fcf3000 Options.max_bytes_for_level_multiplier_addtl[5]: 1
2020/11/13-21:42:25.434265 70000fcf3000 Options.max_bytes_for_level_multiplier_addtl[6]: 1
2020/11/13-21:42:25.434266 70000fcf3000       Options.max_sequential_skip_in_iterations: 8
2020/11/13-21:42:25.434266 70000fcf3000                    Options.max_compaction_bytes: 1677721600
2020/11/13-21:42:25.434267 70000fcf3000                        Options.arena_block_size: 8388608
2020/11/13-21:42:25.434268 70000fcf3000   Options.soft_pending_compaction_bytes_limit: 68719476736
2020/11/13-21:42:25.434269 70000fcf3000   Options.hard_pending_compaction_bytes_limit: 274877906944
2020/11/13-21:42:25.434270 70000fcf3000       Options.rate_limit_delay_max_milliseconds: 100
2020/11/13-21:42:25.434271 70000fcf3000                Options.disable_auto_compactions: 1
2020/11/13-21:42:25.434271 70000fcf3000                        Options.compaction_style: kCompactionStyleLevel
2020/11/13-21:42:25.434272 70000fcf3000                          Options.compaction_pri: kMinOverlappingRatio
2020/11/13-21:42:25.434273 70000fcf3000 Options.compaction_options_universal.size_ratio: 1
2020/11/13-21:42:25.434274 70000fcf3000 Options.compaction_options_universal.min_merge_width: 2
2020/11/13-21:42:25.434275 70000fcf3000 Options.compaction_options_universal.max_merge_width: 4294967295
