2020/11/20-15:35:20.944601 700005ab5000 RocksDB version: 6.8.1
2020/11/20-15:35:20.944650 700005ab5000 Git sha rocksdb_build_git_sha:27e593fbe10efa5a562ca79b1939ffb69d25163f
2020/11/20-15:35:20.944653 700005ab5000 Compile date Apr 26 2020
2020/11/20-15:35:20.944654 700005ab5000 DB SUMMARY
2020/11/20-15:35:20.944821 700005ab5000 CURRENT file:  CURRENT
2020/11/20-15:35:20.944823 700005ab5000 IDENTITY file:  IDENTITY
2020/11/20-15:35:20.944830 700005ab5000 MANIFEST file:  MANIFEST-000304 size: 983 Bytes
2020/11/20-15:35:20.944831 700005ab5000 SST files in /Users/akanit/NissanCool/ProjectCE_coin/testBlockchain/testTruffle/PrivateBlockchain/node3/data/database dir, Total Num: 4, files: 000288.sst 000300.sst 000302.sst 000303.sst 
2020/11/20-15:35:20.944834 700005ab5000 Write Ahead Log file in /Users/akanit/NissanCool/ProjectCE_coin/testBlockchain/testTruffle/PrivateBlockchain/node3/data/database: 000003.log size: 480932 ; 000031.log size: 1731364 ; 000048.log size: 2540974 ; 000065.log size: 2372414 ; 000082.log size: 629 ; 000102.log size: 629 ; 000118.log size: 629 ; 000134.log size: 629 ; 000150.log size: 629 ; 000167.log size: 629 ; 000183.log size: 629 ; 000199.log size: 629 ; 000215.log size: 580109 ; 000233.log size: 3236724 ; 000250.log size: 143735 ; 000267.log size: 182949 ; 000284.log size: 16429539 ; 000305.log size: 3520824 ; 
2020/11/20-15:35:20.944840 700005ab5000                         Options.error_if_exists: 0
2020/11/20-15:35:20.944842 700005ab5000                       Options.create_if_missing: 1
2020/11/20-15:35:20.944843 700005ab5000                         Options.paranoid_checks: 1
2020/11/20-15:35:20.944844 700005ab5000                                     Options.env: 0x12cdf0a48
2020/11/20-15:35:20.944845 700005ab5000                                      Options.fs: Posix File System
2020/11/20-15:35:20.944846 700005ab5000                                Options.info_log: 0x7fa356193de0
2020/11/20-15:35:20.944847 700005ab5000                Options.max_file_opening_threads: 16
2020/11/20-15:35:20.944847 700005ab5000                              Options.statistics: 0x7fa356192120
2020/11/20-15:35:20.944848 700005ab5000                               Options.use_fsync: 0
2020/11/20-15:35:20.944849 700005ab5000                       Options.max_log_file_size: 0
2020/11/20-15:35:20.944850 700005ab5000                  Options.max_manifest_file_size: 1073741824
2020/11/20-15:35:20.944851 700005ab5000                   Options.log_file_time_to_roll: 0
2020/11/20-15:35:20.944851 700005ab5000                       Options.keep_log_file_num: 1000
2020/11/20-15:35:20.944852 700005ab5000                    Options.recycle_log_file_num: 0
2020/11/20-15:35:20.944853 700005ab5000                         Options.allow_fallocate: 1
2020/11/20-15:35:20.944854 700005ab5000                        Options.allow_mmap_reads: 0
2020/11/20-15:35:20.944854 700005ab5000                       Options.allow_mmap_writes: 0
2020/11/20-15:35:20.944855 700005ab5000                        Options.use_direct_reads: 0
2020/11/20-15:35:20.944856 700005ab5000                        Options.use_direct_io_for_flush_and_compaction: 0
2020/11/20-15:35:20.944857 700005ab5000          Options.create_missing_column_families: 1
2020/11/20-15:35:20.944857 700005ab5000                              Options.db_log_dir: 
2020/11/20-15:35:20.944858 700005ab5000                                 Options.wal_dir: /Users/akanit/NissanCool/ProjectCE_coin/testBlockchain/testTruffle/PrivateBlockchain/node3/data/database
2020/11/20-15:35:20.944859 700005ab5000                Options.table_cache_numshardbits: 6
2020/11/20-15:35:20.944860 700005ab5000                      Options.max_subcompactions: 1
2020/11/20-15:35:20.944860 700005ab5000                  Options.max_background_flushes: -1
2020/11/20-15:35:20.944861 700005ab5000                         Options.WAL_ttl_seconds: 0
2020/11/20-15:35:20.944862 700005ab5000                       Options.WAL_size_limit_MB: 0
2020/11/20-15:35:20.944863 700005ab5000                        Options.max_write_batch_group_size_bytes: 1048576
2020/11/20-15:35:20.944864 700005ab5000             Options.manifest_preallocation_size: 4194304
2020/11/20-15:35:20.944883 700005ab5000                     Options.is_fd_close_on_exec: 1
2020/11/20-15:35:20.944884 700005ab5000                   Options.advise_random_on_open: 1
2020/11/20-15:35:20.944885 700005ab5000                    Options.db_write_buffer_size: 0
2020/11/20-15:35:20.944885 700005ab5000                    Options.write_buffer_manager: 0x7fa356193c20
2020/11/20-15:35:20.944886 700005ab5000         Options.access_hint_on_compaction_start: 1
2020/11/20-15:35:20.944887 700005ab5000  Options.new_table_reader_for_compaction_inputs: 0
2020/11/20-15:35:20.944888 700005ab5000           Options.random_access_max_buffer_size: 1048576
2020/11/20-15:35:20.944889 700005ab5000                      Options.use_adaptive_mutex: 0
2020/11/20-15:35:20.944889 700005ab5000                            Options.rate_limiter: 0x0
2020/11/20-15:35:20.944892 700005ab5000     Options.sst_file_manager.rate_bytes_per_sec: 0
2020/11/20-15:35:20.944893 700005ab5000                       Options.wal_recovery_mode: 2
2020/11/20-15:35:20.944894 700005ab5000                  Options.enable_thread_tracking: 0
2020/11/20-15:35:20.944895 700005ab5000                  Options.enable_pipelined_write: 0
2020/11/20-15:35:20.944895 700005ab5000                  Options.unordered_write: 0
2020/11/20-15:35:20.944896 700005ab5000         Options.allow_concurrent_memtable_write: 1
2020/11/20-15:35:20.944897 700005ab5000      Options.enable_write_thread_adaptive_yield: 1
2020/11/20-15:35:20.944898 700005ab5000             Options.write_thread_max_yield_usec: 100
2020/11/20-15:35:20.944899 700005ab5000            Options.write_thread_slow_yield_usec: 3
2020/11/20-15:35:20.944899 700005ab5000                               Options.row_cache: None
2020/11/20-15:35:20.944900 700005ab5000                              Options.wal_filter: None
2020/11/20-15:35:20.944901 700005ab5000             Options.avoid_flush_during_recovery: 0
2020/11/20-15:35:20.944902 700005ab5000             Options.allow_ingest_behind: 0
2020/11/20-15:35:20.944903 700005ab5000             Options.preserve_deletes: 0
2020/11/20-15:35:20.944904 700005ab5000             Options.two_write_queues: 0
2020/11/20-15:35:20.944904 700005ab5000             Options.manual_wal_flush: 0
2020/11/20-15:35:20.944905 700005ab5000             Options.atomic_flush: 0
2020/11/20-15:35:20.944906 700005ab5000             Options.avoid_unnecessary_blocking_io: 0
2020/11/20-15:35:20.944907 700005ab5000                 Options.persist_stats_to_disk: 0
2020/11/20-15:35:20.944907 700005ab5000                 Options.write_dbid_to_manifest: 0
2020/11/20-15:35:20.944908 700005ab5000                 Options.log_readahead_size: 0
2020/11/20-15:35:20.944909 700005ab5000                 Options.sst_file_checksum_func: Unknown
2020/11/20-15:35:20.944910 700005ab5000             Options.max_background_jobs: 2
2020/11/20-15:35:20.944911 700005ab5000             Options.max_background_compactions: 4
2020/11/20-15:35:20.944912 700005ab5000             Options.avoid_flush_during_shutdown: 0
2020/11/20-15:35:20.944912 700005ab5000           Options.writable_file_max_buffer_size: 1048576
2020/11/20-15:35:20.944913 700005ab5000             Options.delayed_write_rate : 16777216
2020/11/20-15:35:20.944914 700005ab5000             Options.max_total_wal_size: 0
2020/11/20-15:35:20.944915 700005ab5000             Options.delete_obsolete_files_period_micros: 21600000000
2020/11/20-15:35:20.944916 700005ab5000                   Options.stats_dump_period_sec: 600
2020/11/20-15:35:20.944916 700005ab5000                 Options.stats_persist_period_sec: 600
2020/11/20-15:35:20.944917 700005ab5000                 Options.stats_history_buffer_size: 1048576
2020/11/20-15:35:20.944918 700005ab5000                          Options.max_open_files: 1024
2020/11/20-15:35:20.944919 700005ab5000                          Options.bytes_per_sync: 0
2020/11/20-15:35:20.944920 700005ab5000                      Options.wal_bytes_per_sync: 0
2020/11/20-15:35:20.944922 700005ab5000                   Options.strict_bytes_per_sync: 0
2020/11/20-15:35:20.944934 700005ab5000       Options.compaction_readahead_size: 0
2020/11/20-15:35:20.944935 700005ab5000 Compression algorithms supported:
2020/11/20-15:35:20.944938 700005ab5000 	kZSTD supported: 1
2020/11/20-15:35:20.944939 700005ab5000 	kZlibCompression supported: 1
2020/11/20-15:35:20.944940 700005ab5000 	kXpressCompression supported: 0
2020/11/20-15:35:20.944941 700005ab5000 	kSnappyCompression supported: 1
2020/11/20-15:35:20.944942 700005ab5000 	kZSTDNotFinalCompression supported: 1
2020/11/20-15:35:20.944943 700005ab5000 	kLZ4HCCompression supported: 1
2020/11/20-15:35:20.944944 700005ab5000 	kLZ4Compression supported: 1
2020/11/20-15:35:20.944944 700005ab5000 	kBZip2Compression supported: 1
2020/11/20-15:35:20.944949 700005ab5000 Fast CRC32 supported: Not supported on x86
2020/11/20-15:35:20.945427 700005ab5000 [rsion_set.cc:4413] Recovering from manifest file: /Users/akanit/NissanCool/ProjectCE_coin/testBlockchain/testTruffle/PrivateBlockchain/node3/data/database/MANIFEST-000304
2020/11/20-15:35:20.945495 700005ab5000 [lumn_family.cc:552] --------------- Options for column family [default]:
2020/11/20-15:35:20.945497 700005ab5000               Options.comparator: leveldb.BytewiseComparator
2020/11/20-15:35:20.945498 700005ab5000           Options.merge_operator: None
2020/11/20-15:35:20.945499 700005ab5000        Options.compaction_filter: None
2020/11/20-15:35:20.945500 700005ab5000        Options.compaction_filter_factory: None
2020/11/20-15:35:20.945501 700005ab5000         Options.memtable_factory: SkipListFactory
2020/11/20-15:35:20.945501 700005ab5000            Options.table_factory: BlockBasedTable
2020/11/20-15:35:20.945519 700005ab5000            table_factory options:   flush_block_policy_factory: FlushBlockBySizePolicyFactory (0x7fa356192fe0)
  cache_index_and_filter_blocks: 0
  cache_index_and_filter_blocks_with_high_priority: 0
  pin_l0_filter_and_index_blocks_in_cache: 0
  pin_top_level_index_and_filter: 1
  index_type: 0
  data_block_index_type: 0
  index_shortening: 1
  data_block_hash_table_util_ratio: 0.750000
  hash_index_allow_collision: 1
  checksum: 1
  no_block_cache: 0
  block_cache: 0x7fa356192748
  block_cache_name: LRUCache
  block_cache_options:
    capacity : 8388608
    num_shard_bits : 4
    strict_capacity_limit : 0
    memory_allocator : None
    high_pri_pool_ratio: 0.000
  block_cache_compressed: 0x0
  persistent_cache: 0x0
  block_size: 4096
  block_size_deviation: 10
  block_restart_interval: 16
  index_block_restart_interval: 1
  metadata_block_size: 4096
  partition_filters: 0
  use_delta_encoding: 1
  filter_policy: nullptr
  whole_key_filtering: 1
  verify_compression: 1
  read_amp_bytes_per_bit: 0
  format_version: 2
  enable_index_compression: 1
  block_align: 0
2020/11/20-15:35:20.945522 700005ab5000        Options.write_buffer_size: 67108864
2020/11/20-15:35:20.945523 700005ab5000  Options.max_write_buffer_number: 2
2020/11/20-15:35:20.945524 700005ab5000          Options.compression: Snappy
2020/11/20-15:35:20.945525 700005ab5000                  Options.bottommost_compression: Disabled
2020/11/20-15:35:20.945526 700005ab5000       Options.prefix_extractor: nullptr
2020/11/20-15:35:20.945527 700005ab5000   Options.memtable_insert_with_hint_prefix_extractor: nullptr
2020/11/20-15:35:20.945528 700005ab5000             Options.num_levels: 7
2020/11/20-15:35:20.945529 700005ab5000        Options.min_write_buffer_number_to_merge: 1
2020/11/20-15:35:20.945530 700005ab5000     Options.max_write_buffer_number_to_maintain: 0
2020/11/20-15:35:20.945531 700005ab5000     Options.max_write_buffer_size_to_maintain: 134217728
2020/11/20-15:35:20.945532 700005ab5000            Options.bottommost_compression_opts.window_bits: -14
2020/11/20-15:35:20.945533 700005ab5000                  Options.bottommost_compression_opts.level: 32767
2020/11/20-15:35:20.945534 700005ab5000               Options.bottommost_compression_opts.strategy: 0
2020/11/20-15:35:20.945534 700005ab5000         Options.bottommost_compression_opts.max_dict_bytes: 0
2020/11/20-15:35:20.945556 700005ab5000         Options.bottommost_compression_opts.zstd_max_train_bytes: 0
2020/11/20-15:35:20.945557 700005ab5000                  Options.bottommost_compression_opts.enabled: false
2020/11/20-15:35:20.945558 700005ab5000            Options.compression_opts.window_bits: -14
2020/11/20-15:35:20.945559 700005ab5000                  Options.compression_opts.level: 32767
2020/11/20-15:35:20.945560 700005ab5000               Options.compression_opts.strategy: 0
2020/11/20-15:35:20.945561 700005ab5000         Options.compression_opts.max_dict_bytes: 0
2020/11/20-15:35:20.945562 700005ab5000         Options.compression_opts.zstd_max_train_bytes: 0
2020/11/20-15:35:20.945563 700005ab5000                  Options.compression_opts.enabled: false
2020/11/20-15:35:20.945564 700005ab5000      Options.level0_file_num_compaction_trigger: 4
2020/11/20-15:35:20.945567 700005ab5000          Options.level0_slowdown_writes_trigger: 20
2020/11/20-15:35:20.945568 700005ab5000              Options.level0_stop_writes_trigger: 36
2020/11/20-15:35:20.945568 700005ab5000                   Options.target_file_size_base: 67108864
2020/11/20-15:35:20.945569 700005ab5000             Options.target_file_size_multiplier: 1
2020/11/20-15:35:20.945570 700005ab5000                Options.max_bytes_for_level_base: 268435456
2020/11/20-15:35:20.945571 700005ab5000 Options.level_compaction_dynamic_level_bytes: 0
2020/11/20-15:35:20.945572 700005ab5000          Options.max_bytes_for_level_multiplier: 10.000000
2020/11/20-15:35:20.945573 700005ab5000 Options.max_bytes_for_level_multiplier_addtl[0]: 1
2020/11/20-15:35:20.945574 700005ab5000 Options.max_bytes_for_level_multiplier_addtl[1]: 1
2020/11/20-15:35:20.945574 700005ab5000 Options.max_bytes_for_level_multiplier_addtl[2]: 1
2020/11/20-15:35:20.945575 700005ab5000 Options.max_bytes_for_level_multiplier_addtl[3]: 1
2020/11/20-15:35:20.945576 700005ab5000 Options.max_bytes_for_level_multiplier_addtl[4]: 1
2020/11/20-15:35:20.945577 700005ab5000 Options.max_bytes_for_level_multiplier_addtl[5]: 1
2020/11/20-15:35:20.945578 700005ab5000 Options.max_bytes_for_level_multiplier_addtl[6]: 1
2020/11/20-15:35:20.945578 700005ab5000       Options.max_sequential_skip_in_iterations: 8
2020/11/20-15:35:20.945579 700005ab5000                    Options.max_compaction_bytes: 1677721600
2020/11/20-15:35:20.945580 700005ab5000                        Options.arena_block_size: 8388608
2020/11/20-15:35:20.945581 700005ab5000   Options.soft_pending_compaction_bytes_limit: 68719476736
2020/11/20-15:35:20.945582 700005ab5000   Options.hard_pending_compaction_bytes_limit: 274877906944
2020/11/20-15:35:20.945582 700005ab5000       Options.rate_limit_delay_max_milliseconds: 100
2020/11/20-15:35:20.945583 700005ab5000                Options.disable_auto_compactions: 1
2020/11/20-15:35:20.945584 700005ab5000                        Options.compaction_style: kCompactionStyleLevel
2020/11/20-15:35:20.945586 700005ab5000                          Options.compaction_pri: kMinOverlappingRatio
2020/11/20-15:35:20.945586 700005ab5000 Options.compaction_options_universal.size_ratio: 1
2020/11/20-15:35:20.945587 700005ab5000 Options.compaction_options_universal.min_merge_width: 2
2020/11/20-15:35:20.945588 700005ab5000 Options.compaction_options_universal.max_merge_width: 4294967295
2020/11/20-15:35:20.945589 700005ab5000 Options.compaction_options_universal.max_size_amplification_percent: 200
2020/11/20-15:35:20.945589 700005ab5000 Options.compaction_options_universal.compression_size_percent: -1
2020/11/20-15:35:20.945591 700005ab5000 Options.compaction_options_universal.stop_style: kCompactionStopStyleTotalSize
2020/11/20-15:35:20.945591 700005ab5000 Options.compaction_options_fifo.max_table_files_size: 1073741824
2020/11/20-15:35:20.945592 700005ab5000 Options.compaction_options_fifo.allow_compaction: 0
2020/11/20-15:35:20.945593 700005ab5000                   Options.table_properties_collectors: 
2020/11/20-15:35:20.945594 700005ab5000                   Options.inplace_update_support: 0
2020/11/20-15:35:20.945595 700005ab5000                 Options.inplace_update_num_locks: 10000
2020/11/20-15:35:20.945608 700005ab5000               Options.memtable_prefix_bloom_size_ratio: 0.000000
2020/11/20-15:35:20.945610 700005ab5000               Options.memtable_whole_key_filtering: 0
2020/11/20-15:35:20.945610 700005ab5000   Options.memtable_huge_page_size: 0
2020/11/20-15:35:20.945611 700005ab5000                           Options.bloom_locality: 0
2020/11/20-15:35:20.945612 700005ab5000                    Options.max_successive_merges: 0
2020/11/20-15:35:20.945613 700005ab5000                Options.optimize_filters_for_hits: 0
2020/11/20-15:35:20.945613 700005ab5000                Options.paranoid_file_checks: 0
2020/11/20-15:35:20.945614 700005ab5000                Options.force_consistency_checks: 0
2020/11/20-15:35:20.945615 700005ab5000                Options.report_bg_io_stats: 0
2020/11/20-15:35:20.945616 700005ab5000                               Options.ttl: 2592000
2020/11/20-15:35:20.945616 700005ab5000          Options.periodic_compaction_seconds: 0
2020/11/20-15:35:20.945945 700005ab5000 [lumn_family.cc:552] --------------- Options for column family []:
2020/11/20-15:35:20.945948 700005ab5000               Options.comparator: leveldb.BytewiseComparator
2020/11/20-15:35:20.945950 700005ab5000           Options.merge_operator: None
2020/11/20-15:35:20.945950 700005ab5000        Options.compaction_filter: None
2020/11/20-15:35:20.945951 700005ab5000        Options.compaction_filter_factory: None
2020/11/20-15:35:20.945952 700005ab5000         Options.memtable_factory: SkipListFactory
2020/11/20-15:35:20.945953 700005ab5000            Options.table_factory: BlockBasedTable
2020/11/20-15:35:20.945964 700005ab5000            table_factory options:   flush_block_policy_factory: FlushBlockBySizePolicyFactory (0x7fa35618d190)
  cache_index_and_filter_blocks: 0
  cache_index_and_filter_blocks_with_high_priority: 1
  pin_l0_filter_and_index_blocks_in_cache: 0
  pin_top_level_index_and_filter: 1
  index_type: 0
  data_block_index_type: 0
  index_shortening: 1
  data_block_hash_table_util_ratio: 0.750000
  hash_index_allow_collision: 1
  checksum: 1
  no_block_cache: 0
  block_cache: 0x7fa35618d5d8
  block_cache_name: LRUCache
  block_cache_options:
    capacity : 8388608
    num_shard_bits : 4
    strict_capacity_limit : 0
    memory_allocator : None
    high_pri_pool_ratio: 0.000
  block_cache_compressed: 0x0
  persistent_cache: 0x0
  block_size: 4096
  block_size_deviation: 10
  block_restart_interval: 16
  index_block_restart_interval: 1
  metadata_block_size: 4096
  partition_filters: 0
  use_delta_encoding: 1
  filter_policy: nullptr
  whole_key_filtering: 1
  verify_compression: 0
  read_amp_bytes_per_bit: 0
  format_version: 2
  enable_index_compression: 1
  block_align: 0
2020/11/20-15:35:20.945966 700005ab5000        Options.write_buffer_size: 67108864
2020/11/20-15:35:20.945967 700005ab5000  Options.max_write_buffer_number: 2
2020/11/20-15:35:20.945968 700005ab5000          Options.compression: Snappy
2020/11/20-15:35:20.945969 700005ab5000                  Options.bottommost_compression: Disabled
2020/11/20-15:35:20.945970 700005ab5000       Options.prefix_extractor: nullptr
2020/11/20-15:35:20.945971 700005ab5000   Options.memtable_insert_with_hint_prefix_extractor: nullptr
2020/11/20-15:35:20.945972 700005ab5000             Options.num_levels: 7
2020/11/20-15:35:20.945972 700005ab5000        Options.min_write_buffer_number_to_merge: 1
2020/11/20-15:35:20.945973 700005ab5000     Options.max_write_buffer_number_to_maintain: 0
2020/11/20-15:35:20.945974 700005ab5000     Options.max_write_buffer_size_to_maintain: 134217728
2020/11/20-15:35:20.945975 700005ab5000            Options.bottommost_compression_opts.window_bits: -14
2020/11/20-15:35:20.945976 700005ab5000                  Options.bottommost_compression_opts.level: 32767
2020/11/20-15:35:20.945976 700005ab5000               Options.bottommost_compression_opts.strategy: 0
2020/11/20-15:35:20.945977 700005ab5000         Options.bottommost_compression_opts.max_dict_bytes: 0
2020/11/20-15:35:20.945998 700005ab5000         Options.bottommost_compression_opts.zstd_max_train_bytes: 0
2020/11/20-15:35:20.945999 700005ab5000                  Options.bottommost_compression_opts.enabled: false
2020/11/20-15:35:20.946000 700005ab5000            Options.compression_opts.window_bits: -14
2020/11/20-15:35:20.946001 700005ab5000                  Options.compression_opts.level: 32767
2020/11/20-15:35:20.946001 700005ab5000               Options.compression_opts.strategy: 0
2020/11/20-15:35:20.946002 700005ab5000         Options.compression_opts.max_dict_bytes: 0
2020/11/20-15:35:20.946003 700005ab5000         Options.compression_opts.zstd_max_train_bytes: 0
2020/11/20-15:35:20.946004 700005ab5000                  Options.compression_opts.enabled: false
2020/11/20-15:35:20.946004 700005ab5000      Options.level0_file_num_compaction_trigger: 4
2020/11/20-15:35:20.946005 700005ab5000          Options.level0_slowdown_writes_trigger: 20
2020/11/20-15:35:20.946006 700005ab5000              Options.level0_stop_writes_trigger: 36
2020/11/20-15:35:20.946007 700005ab5000                   Options.target_file_size_base: 67108864
2020/11/20-15:35:20.946008 700005ab5000             Options.target_file_size_multiplier: 1
2020/11/20-15:35:20.946008 700005ab5000                Options.max_bytes_for_level_base: 268435456
2020/11/20-15:35:20.946009 700005ab5000 Options.level_compaction_dynamic_level_bytes: 0
2020/11/20-15:35:20.946010 700005ab5000          Options.max_bytes_for_level_multiplier: 10.000000
2020/11/20-15:35:20.946011 700005ab5000 Options.max_bytes_for_level_multiplier_addtl[0]: 1
2020/11/20-15:35:20.946012 700005ab5000 Options.max_bytes_for_level_multiplier_addtl[1]: 1
2020/11/20-15:35:20.946013 700005ab5000 Options.max_bytes_for_level_multiplier_addtl[2]: 1
2020/11/20-15:35:20.946013 700005ab5000 Options.max_bytes_for_level_multiplier_addtl[3]: 1
2020/11/20-15:35:20.946014 700005ab5000 Options.max_bytes_for_level_multiplier_addtl[4]: 1
2020/11/20-15:35:20.946015 700005ab5000 Options.max_bytes_for_level_multiplier_addtl[5]: 1
2020/11/20-15:35:20.946016 700005ab5000 Options.max_bytes_for_level_multiplier_addtl[6]: 1
2020/11/20-15:35:20.946016 700005ab5000       Options.max_sequential_skip_in_iterations: 8
2020/11/20-15:35:20.946017 700005ab5000                    Options.max_compaction_bytes: 1677721600
2020/11/20-15:35:20.946018 700005ab5000                        Options.arena_block_size: 8388608
2020/11/20-15:35:20.946019 700005ab5000   Options.soft_pending_compaction_bytes_limit: 68719476736
2020/11/20-15:35:20.946020 700005ab5000   Options.hard_pending_compaction_bytes_limit: 274877906944
2020/11/20-15:35:20.946021 700005ab5000       Options.rate_limit_delay_max_milliseconds: 100
2020/11/20-15:35:20.946021 700005ab5000                Options.disable_auto_compactions: 1
2020/11/20-15:35:20.946022 700005ab5000                        Options.compaction_style: kCompactionStyleLevel
2020/11/20-15:35:20.946023 700005ab5000                          Options.compaction_pri: kMinOverlappingRatio
2020/11/20-15:35:20.946024 700005ab5000 Options.compaction_options_universal.size_ratio: 1
2020/11/20-15:35:20.946025 700005ab5000 Options.compaction_options_universal.min_merge_width: 2
2020/11/20-15:35:20.946025 700005ab5000 Options.compaction_options_universal.max_merge_width: 4294967295
2020/11/20-15:35:20.946026 700005ab5000 Options.compaction_options_universal.max_size_amplification_percent: 200
2020/11/20-15:35:20.946027 700005ab5000 Options.compaction_options_universal.compression_size_percent: -1
2020/11/20-15:35:20.946028 700005ab5000 Options.compaction_options_universal.stop_style: kCompactionStopStyleTotalSize
2020/11/20-15:35:20.946029 700005ab5000 Options.compaction_options_fifo.max_table_files_size: 1073741824
2020/11/20-15:35:20.946030 700005ab5000 Options.compaction_options_fifo.allow_compaction: 0
2020/11/20-15:35:20.946030 700005ab5000                   Options.table_properties_collectors: 
2020/11/20-15:35:20.946031 700005ab5000                   Options.inplace_update_support: 0
2020/11/20-15:35:20.946032 700005ab5000                 Options.inplace_update_num_locks: 10000
2020/11/20-15:35:20.946045 700005ab5000               Options.memtable_prefix_bloom_size_ratio: 0.000000
2020/11/20-15:35:20.946046 700005ab5000               Options.memtable_whole_key_filtering: 0
2020/11/20-15:35:20.946047 700005ab5000   Options.memtable_huge_page_size: 0
2020/11/20-15:35:20.946048 700005ab5000                           Options.bloom_locality: 0
2020/11/20-15:35:20.946048 700005ab5000                    Options.max_successive_merges: 0
2020/11/20-15:35:20.946049 700005ab5000                Options.optimize_filters_for_hits: 0
2020/11/20-15:35:20.946050 700005ab5000                Options.paranoid_file_checks: 0
2020/11/20-15:35:20.946051 700005ab5000                Options.force_consistency_checks: 0
2020/11/20-15:35:20.946052 700005ab5000                Options.report_bg_io_stats: 0
2020/11/20-15:35:20.946052 700005ab5000                               Options.ttl: 2592000
2020/11/20-15:35:20.946053 700005ab5000          Options.periodic_compaction_seconds: 0
2020/11/20-15:35:20.946085 700005ab5000 [lumn_family.cc:552] --------------- Options for column family []:
2020/11/20-15:35:20.946087 700005ab5000               Options.comparator: leveldb.BytewiseComparator
2020/11/20-15:35:20.946088 700005ab5000           Options.merge_operator: None
2020/11/20-15:35:20.946088 700005ab5000        Options.compaction_filter: None
2020/11/20-15:35:20.946089 700005ab5000        Options.compaction_filter_factory: None
2020/11/20-15:35:20.946090 700005ab5000         Options.memtable_factory: SkipListFactory
2020/11/20-15:35:20.946091 700005ab5000            Options.table_factory: BlockBasedTable
2020/11/20-15:35:20.946101 700005ab5000            table_factory options:   flush_block_policy_factory: FlushBlockBySizePolicyFactory (0x7fa35618e770)
  cache_index_and_filter_blocks: 0
  cache_index_and_filter_blocks_with_high_priority: 1
  pin_l0_filter_and_index_blocks_in_cache: 0
  pin_top_level_index_and_filter: 1
  index_type: 0
  data_block_index_type: 0
  index_shortening: 1
  data_block_hash_table_util_ratio: 0.750000
  hash_index_allow_collision: 1
  checksum: 1
  no_block_cache: 0
  block_cache: 0x7fa35618e7b8
  block_cache_name: LRUCache
  block_cache_options:
    capacity : 8388608
    num_shard_bits : 4
    strict_capacity_limit : 0
    memory_allocator : None
    high_pri_pool_ratio: 0.000
  block_cache_compressed: 0x0
  persistent_cache: 0x0
  block_size: 4096
  block_size_deviation: 10
  block_restart_interval: 16
  index_block_restart_interval: 1
  metadata_block_size: 4096
  partition_filters: 0
  use_delta_encoding: 1
  filter_policy: nullptr
  whole_key_filtering: 1
  verify_compression: 0
  read_amp_bytes_per_bit: 0
  format_version: 2
  enable_index_compression: 1
  block_align: 0
2020/11/20-15:35:20.946103 700005ab5000        Options.write_buffer_size: 67108864
2020/11/20-15:35:20.946104 700005ab5000  Options.max_write_buffer_number: 2
2020/11/20-15:35:20.946105 700005ab5000          Options.compression: Snappy
2020/11/20-15:35:20.946106 700005ab5000                  Options.bottommost_compression: Disabled
2020/11/20-15:35:20.946106 700005ab5000       Options.prefix_extractor: nullptr
2020/11/20-15:35:20.946107 700005ab5000   Options.memtable_insert_with_hint_prefix_extractor: nullptr
2020/11/20-15:35:20.946108 700005ab5000             Options.num_levels: 7
2020/11/20-15:35:20.946109 700005ab5000        Options.min_write_buffer_number_to_merge: 1
2020/11/20-15:35:20.946109 700005ab5000     Options.max_write_buffer_number_to_maintain: 0
2020/11/20-15:35:20.946110 700005ab5000     Options.max_write_buffer_size_to_maintain: 134217728
2020/11/20-15:35:20.946111 700005ab5000            Options.bottommost_compression_opts.window_bits: -14
2020/11/20-15:35:20.946112 700005ab5000                  Options.bottommost_compression_opts.level: 32767
2020/11/20-15:35:20.946113 700005ab5000               Options.bottommost_compression_opts.strategy: 0
2020/11/20-15:35:20.946113 700005ab5000         Options.bottommost_compression_opts.max_dict_bytes: 0
2020/11/20-15:35:20.946128 700005ab5000         Options.bottommost_compression_opts.zstd_max_train_bytes: 0
2020/11/20-15:35:20.946129 700005ab5000                  Options.bottommost_compression_opts.enabled: false
2020/11/20-15:35:20.946130 700005ab5000            Options.compression_opts.window_bits: -14
2020/11/20-15:35:20.946131 700005ab5000                  Options.compression_opts.level: 32767
2020/11/20-15:35:20.946131 700005ab5000               Options.compression_opts.strategy: 0
2020/11/20-15:35:20.946132 700005ab5000         Options.compression_opts.max_dict_bytes: 0
2020/11/20-15:35:20.946133 700005ab5000         Options.compression_opts.zstd_max_train_bytes: 0
2020/11/20-15:35:20.946134 700005ab5000                  Options.compression_opts.enabled: false
2020/11/20-15:35:20.946134 700005ab5000      Options.level0_file_num_compaction_trigger: 4
2020/11/20-15:35:20.946135 700005ab5000          Options.level0_slowdown_writes_trigger: 20
2020/11/20-15:35:20.946136 700005ab5000              Options.level0_stop_writes_trigger: 36
2020/11/20-15:35:20.946137 700005ab5000                   Options.target_file_size_base: 67108864
2020/11/20-15:35:20.946137 700005ab5000             Options.target_file_size_multiplier: 1
2020/11/20-15:35:20.946138 700005ab5000                Options.max_bytes_for_level_base: 268435456
2020/11/20-15:35:20.946139 700005ab5000 Options.level_compaction_dynamic_level_bytes: 0
2020/11/20-15:35:20.946140 700005ab5000          Options.max_bytes_for_level_multiplier: 10.000000
2020/11/20-15:35:20.946141 700005ab5000 Options.max_bytes_for_level_multiplier_addtl[0]: 1
2020/11/20-15:35:20.946141 700005ab5000 Options.max_bytes_for_level_multiplier_addtl[1]: 1
2020/11/20-15:35:20.946142 700005ab5000 Options.max_bytes_for_level_multiplier_addtl[2]: 1
2020/11/20-15:35:20.946143 700005ab5000 Options.max_bytes_for_level_multiplier_addtl[3]: 1
2020/11/20-15:35:20.946144 700005ab5000 Options.max_bytes_for_level_multiplier_addtl[4]: 1
2020/11/20-15:35:20.946145 700005ab5000 Options.max_bytes_for_level_multiplier_addtl[5]: 1
2020/11/20-15:35:20.946145 700005ab5000 Options.max_bytes_for_level_multiplier_addtl[6]: 1
2020/11/20-15:35:20.946146 700005ab5000       Options.max_sequential_skip_in_iterations: 8
2020/11/20-15:35:20.946147 700005ab5000                    Options.max_compaction_bytes: 1677721600
2020/11/20-15:35:20.946148 700005ab5000                        Options.arena_block_size: 8388608
2020/11/20-15:35:20.946149 700005ab5000   Options.soft_pending_compaction_bytes_limit: 68719476736
2020/11/20-15:35:20.946149 700005ab5000   Options.hard_pending_compaction_bytes_limit: 274877906944
2020/11/20-15:35:20.946150 700005ab5000       Options.rate_limit_delay_max_milliseconds: 100
2020/11/20-15:35:20.946151 700005ab5000                Options.disable_auto_compactions: 1
2020/11/20-15:35:20.946152 700005ab5000                        Options.compaction_style: kCompactionStyleLevel
2020/11/20-15:35:20.946153 700005ab5000                          Options.compaction_pri: kMinOverlappingRatio
2020/11/20-15:35:20.946153 700005ab5000 Options.compaction_options_universal.size_ratio: 1
2020/11/20-15:35:20.946154 700005ab5000 Options.compaction_options_universal.min_merge_width: 2
2020/11/20-15:35:20.946155 700005ab5000 Options.compaction_options_universal.max_merge_width: 4294967295
2020/11/20-15:35:20.946156 700005ab5000 Options.compaction_options_universal.max_size_amplification_percent: 200
2020/11/20-15:35:20.946156 700005ab5000 Options.compaction_options_universal.compression_size_percent: -1
2020/11/20-15:35:20.946157 700005ab5000 Options.compaction_options_universal.stop_style: kCompactionStopStyleTotalSize
2020/11/20-15:35:20.946158 700005ab5000 Options.compaction_options_fifo.max_table_files_size: 1073741824
2020/11/20-15:35:20.946159 700005ab5000 Options.compaction_options_fifo.allow_compaction: 0
2020/11/20-15:35:20.946160 700005ab5000                   Options.table_properties_collectors: 
2020/11/20-15:35:20.946161 700005ab5000                   Options.inplace_update_support: 0
2020/11/20-15:35:20.946172 700005ab5000                 Options.inplace_update_num_locks: 10000
2020/11/20-15:35:20.946173 700005ab5000               Options.memtable_prefix_bloom_size_ratio: 0.000000
2020/11/20-15:35:20.946174 700005ab5000               Options.memtable_whole_key_filtering: 0
2020/11/20-15:35:20.946175 700005ab5000   Options.memtable_huge_page_size: 0
2020/11/20-15:35:20.946176 700005ab5000                           Options.bloom_locality: 0
2020/11/20-15:35:20.946176 700005ab5000                    Options.max_successive_merges: 0
2020/11/20-15:35:20.946177 700005ab5000                Options.optimize_filters_for_hits: 0
2020/11/20-15:35:20.946178 700005ab5000                Options.paranoid_file_checks: 0
2020/11/20-15:35:20.946179 700005ab5000                Options.force_consistency_checks: 0
2020/11/20-15:35:20.946179 700005ab5000                Options.report_bg_io_stats: 0
2020/11/20-15:35:20.946180 700005ab5000                               Options.ttl: 2592000
2020/11/20-15:35:20.946181 700005ab5000          Options.periodic_compaction_seconds: 0
2020/11/20-15:35:20.946206 700005ab5000 [lumn_family.cc:552] --------------- Options for column family []:
2020/11/20-15:35:20.946207 700005ab5000               Options.comparator: leveldb.BytewiseComparator
2020/11/20-15:35:20.946208 700005ab5000           Options.merge_operator: None
2020/11/20-15:35:20.946208 700005ab5000        Options.compaction_filter: None
2020/11/20-15:35:20.946209 700005ab5000        Options.compaction_filter_factory: None
2020/11/20-15:35:20.946210 700005ab5000         Options.memtable_factory: SkipListFactory
2020/11/20-15:35:20.946211 700005ab5000            Options.table_factory: BlockBasedTable
2020/11/20-15:35:20.946219 700005ab5000            table_factory options:   flush_block_policy_factory: FlushBlockBySizePolicyFactory (0x7fa35618f500)
  cache_index_and_filter_blocks: 0
  cache_index_and_filter_blocks_with_high_priority: 1
  pin_l0_filter_and_index_blocks_in_cache: 0
  pin_top_level_index_and_filter: 1
  index_type: 0
  data_block_index_type: 0
  index_shortening: 1
  data_block_hash_table_util_ratio: 0.750000
  hash_index_allow_collision: 1
  checksum: 1
  no_block_cache: 0
  block_cache: 0x7fa35618f548
  block_cache_name: LRUCache
  block_cache_options:
    capacity : 8388608
    num_shard_bits : 4
    strict_capacity_limit : 0
    memory_allocator : None
    high_pri_pool_ratio: 0.000
  block_cache_compressed: 0x0
  persistent_cache: 0x0
  block_size: 4096
  block_size_deviation: 10
  block_restart_interval: 16
  index_block_restart_interval: 1
  metadata_block_size: 4096
  partition_filters: 0
  use_delta_encoding: 1
  filter_policy: nullptr
  whole_key_filtering: 1
  verify_compression: 0
  read_amp_bytes_per_bit: 0
  format_version: 2
  enable_index_compression: 1
  block_align: 0
2020/11/20-15:35:20.946221 700005ab5000        Options.write_buffer_size: 67108864
2020/11/20-15:35:20.946222 700005ab5000  Options.max_write_buffer_number: 2
2020/11/20-15:35:20.946223 700005ab5000          Options.compression: Snappy
2020/11/20-15:35:20.946224 700005ab5000                  Options.bottommost_compression: Disabled
2020/11/20-15:35:20.946224 700005ab5000       Options.prefix_extractor: nullptr
2020/11/20-15:35:20.946225 700005ab5000   Options.memtable_insert_with_hint_prefix_extractor: nullptr
2020/11/20-15:35:20.946226 700005ab5000             Options.num_levels: 7
2020/11/20-15:35:20.946227 700005ab5000        Options.min_write_buffer_number_to_merge: 1
2020/11/20-15:35:20.946227 700005ab5000     Options.max_write_buffer_number_to_maintain: 0
2020/11/20-15:35:20.946228 700005ab5000     Options.max_write_buffer_size_to_maintain: 134217728
2020/11/20-15:35:20.946229 700005ab5000            Options.bottommost_compression_opts.window_bits: -14
2020/11/20-15:35:20.946230 700005ab5000                  Options.bottommost_compression_opts.level: 32767
2020/11/20-15:35:20.946231 700005ab5000               Options.bottommost_compression_opts.strategy: 0
2020/11/20-15:35:20.946231 700005ab5000         Options.bottommost_compression_opts.max_dict_bytes: 0
2020/11/20-15:35:20.946245 700005ab5000         Options.bottommost_compression_opts.zstd_max_train_bytes: 0
2020/11/20-15:35:20.946246 700005ab5000                  Options.bottommost_compression_opts.enabled: false
2020/11/20-15:35:20.946247 700005ab5000            Options.compression_opts.window_bits: -14
2020/11/20-15:35:20.946247 700005ab5000                  Options.compression_opts.level: 32767
2020/11/20-15:35:20.946248 700005ab5000               Options.compression_opts.strategy: 0
2020/11/20-15:35:20.946249 700005ab5000         Options.compression_opts.max_dict_bytes: 0
2020/11/20-15:35:20.946250 700005ab5000         Options.compression_opts.zstd_max_train_bytes: 0
2020/11/20-15:35:20.946250 700005ab5000                  Options.compression_opts.enabled: false
2020/11/20-15:35:20.946251 700005ab5000      Options.level0_file_num_compaction_trigger: 4
2020/11/20-15:35:20.946252 700005ab5000          Options.level0_slowdown_writes_trigger: 20
2020/11/20-15:35:20.946253 700005ab5000              Options.level0_stop_writes_trigger: 36
2020/11/20-15:35:20.946253 700005ab5000                   Options.target_file_size_base: 67108864
2020/11/20-15:35:20.946254 700005ab5000             Options.target_file_size_multiplier: 1
2020/11/20-15:35:20.946255 700005ab5000                Options.max_bytes_for_level_base: 268435456
2020/11/20-15:35:20.946256 700005ab5000 Options.level_compaction_dynamic_level_bytes: 0
2020/11/20-15:35:20.946256 700005ab5000          Options.max_bytes_for_level_multiplier: 10.000000
2020/11/20-15:35:20.946257 700005ab5000 Options.max_bytes_for_level_multiplier_addtl[0]: 1
2020/11/20-15:35:20.946258 700005ab5000 Options.max_bytes_for_level_multiplier_addtl[1]: 1
2020/11/20-15:35:20.946259 700005ab5000 Options.max_bytes_for_level_multiplier_addtl[2]: 1
2020/11/20-15:35:20.946260 700005ab5000 Options.max_bytes_for_level_multiplier_addtl[3]: 1
2020/11/20-15:35:20.946261 700005ab5000 Options.max_bytes_for_level_multiplier_addtl[4]: 1
2020/11/20-15:35:20.946261 700005ab5000 Options.max_bytes_for_level_multiplier_addtl[5]: 1
2020/11/20-15:35:20.946262 700005ab5000 Options.max_bytes_for_level_multiplier_addtl[6]: 1
2020/11/20-15:35:20.946263 700005ab5000       Options.max_sequential_skip_in_iterations: 8
2020/11/20-15:35:20.946264 700005ab5000                    Options.max_compaction_bytes: 1677721600
2020/11/20-15:35:20.946264 700005ab5000                        Options.arena_block_size: 8388608
2020/11/20-15:35:20.946265 700005ab5000   Options.soft_pending_compaction_bytes_limit: 68719476736
2020/11/20-15:35:20.946266 700005ab5000   Options.hard_pending_compaction_bytes_limit: 274877906944
2020/11/20-15:35:20.946267 700005ab5000       Options.rate_limit_delay_max_milliseconds: 100
2020/11/20-15:35:20.946268 700005ab5000                Options.disable_auto_compactions: 1
2020/11/20-15:35:20.946268 700005ab5000                        Options.compaction_style: kCompactionStyleLevel
